1 1.1453125 0.37222222222222223 0.0265625 0.09444444444444444
0 1.182421875 0.49444444444444446 0.03359375 0.10555555555555556
1 0.935546875 0.36944444444444446 0.02265625 0.08055555555555556
1 1.219921875 0.3819444444444444 0.02421875 0.10555555555555556
0 0.158984375 0.4583333333333333 0.04140625 0.075
0 0.910546875 0.34305555555555556 0.01796875 0.06666666666666667
1 0.221484375 0.31527777777777777 0.01640625 0.05277777777777778
0 0.90703125 0.31875 0.0171875 0.06527777777777778
1 1.116796875 0.42569444444444443 0.02421875 0.10972222222222222
0 0.012890625 0.3173611111111111 0.02421875 0.06527777777777778
1 0.9234375 0.35138888888888886 0.025 0.06111111111111111