0 0.9671875 0.5534722222222223 0.0328125 0.12638888888888888
1 1.14609375 0.36666666666666664 0.0328125 0.08888888888888889
1 0.851171875 0.48680555555555555 0.03046875 0.12361111111111112
1 0.63125 0.30972222222222223 0.0203125 0.05
1 0.62265625 0.28680555555555554 0.0171875 0.04861111111111111
1 1.21953125 0.38472222222222224 0.0234375 0.10277777777777777
1 1.125 0.36180555555555555 0.0234375 0.08472222222222223
1 0.025390625 0.525 0.04296875 0.11666666666666667
0 0.04140625 0.26180555555555557 0.01875 0.0625
1 1.124609375 0.3263888888888889 0.01640625 0.06388888888888888
1 0.996484375 1.395138888888889 0.07734375 0.15138888888888888
1 0.623828125 0.3104166666666667 0.01484375 0.04861111111111111