1 0.965625 0.45416666666666666 0.034375 0.1111111111111111
1 1.145703125 0.3659722222222222 0.02734375 0.09861111111111111
0 0.73984375 0.32569444444444445 0.01875 0.05416666666666667
0 1.023828125 0.5305555555555556 0.03046875 0.12222222222222222
1 0.79921875 0.33541666666666664 0.021875 0.059722222222222225
1 0.397265625 0.3277777777777778 0.01484375 0.044444444444444446
1 1.21953125 0.38263888888888886 0.0234375 0.10694444444444444
1 0.24921875 0.44930555555555557 0.0296875 0.12083333333333333
1 0.40546875 0.38680555555555557 0.0203125 0.07361111111111111
0 0.738671875 0.29444444444444445 0.01796875 0.05
0 0.027734375 0.2534722222222222 0.01796875 0.06805555555555555
1 0.809375 0.3798611111111111 0.015625 0.05138888888888889