1 0.24140625 0.40555555555555556 0.0234375 0.09166666666666666
0 0.780078125 0.5944444444444444 0.03046875 0.13055555555555556
1 1.168359375 0.3729166666666667 0.02890625 0.10138888888888889
1 0.723828125 0.5083333333333333 0.03203125 0.12777777777777777
1 1.116796875 0.36319444444444443 0.02109375 0.08194444444444444
1 0.33515625 0.3638888888888889 0.0234375 0.08333333333333333
1 0.235546875 0.3423611111111111 0.01953125 0.059722222222222225
0 0.0640625 0.28402777777777777 0.01875 0.04861111111111111
1 1.21875 0.3854166666666667 0.025 0.10416666666666667
0 0.162109375 0.4625 0.02734375 0.1111111111111111
1 0.31484375 0.3506944444444444 0.015625 0.07916666666666666
1 1.11796875 0.33125 0.015625 0.06805555555555555