1 1.151171875 0.3701388888888889 0.02890625 0.09305555555555556
0 0.740234375 0.6048611111111111 0.03671875 0.13472222222222222
1 0.268359375 0.3625 0.01953125 0.07222222222222222
1 0.262890625 0.3104166666666667 0.02265625 0.05694444444444444
1 1.116015625 0.3597222222222222 0.02109375 0.08611111111111111
1 0.31328125 0.35555555555555557 0.015625 0.06944444444444445
1 0.3515625 0.33125 0.01875 0.05694444444444444
0 0.175390625 0.27291666666666664 0.01953125 0.043055555555555555
1 1.21953125 0.3854166666666667 0.0234375 0.10138888888888889
0 0.18125 0.4125 0.021875 0.10833333333333334
1 0.7 0.5076388888888889 0.025 0.13194444444444445
0 0.200390625 0.3090277777777778 0.01953125 0.04583333333333333