0 1.17421875 0.49583333333333335 0.028125 0.10833333333333334
1 0.934765625 0.3680555555555556 0.02578125 0.08333333333333333
1 1.145703125 0.3680555555555556 0.02734375 0.1
1 1.112890625 0.42430555555555555 0.02734375 0.11527777777777778
1 0.898046875 0.33958333333333335 0.01953125 0.06805555555555555
1 1.220703125 0.38055555555555554 0.02421875 0.10555555555555556
1 0.238671875 0.3138888888888889 0.01640625 0.06388888888888888
1 0.900390625 0.31180555555555556 0.01640625 0.059722222222222225
1 1.08125 0.5361111111111111 0.021875 0.07777777777777778
0 0.150390625 0.44513888888888886 0.03984375 0.1125
0 0.1359375 0.44305555555555554 0.0234375 0.08888888888888889
1 0.3234375 0.4166666666666667 0.0171875 0.075