1 1.061328125 0.4326388888888889 0.03203125 0.12083333333333333
0 1.14921875 0.49722222222222223 0.03125 0.12222222222222222
1 1.1453125 0.3638888888888889 0.0265625 0.10833333333333334
1 0.8578125 0.3298611111111111 0.025 0.0875
1 0.2921875 0.3625 0.0234375 0.09722222222222222
1 0.915234375 0.35555555555555557 0.02890625 0.09444444444444444
1 1.221875 0.37916666666666665 0.0296875 0.12222222222222222
1 0.40390625 0.3923611111111111 0.015625 0.07361111111111111
0 0.066796875 0.5083333333333333 0.03359375 0.12222222222222222
0 0.00625 0.24444444444444444 0.0109375 0.06388888888888888
0 0.00546875 0.2902777777777778 0.0109375 0.044444444444444446