1 0.826171875 0.35347222222222224 0.03671875 0.08194444444444444
0 1.03671875 0.5145833333333333 0.0359375 0.12361111111111112
1 1.145703125 0.36527777777777776 0.02578125 0.1
1 0.9734375 0.45625 0.0234375 0.10694444444444444
0 0.749609375 0.28888888888888886 0.01953125 0.05
1 0.267578125 0.4375 0.03359375 0.12222222222222222
0 0.753125 0.32013888888888886 0.025 0.06805555555555555
1 1.2203125 0.3819444444444444 0.0234375 0.10555555555555556
1 0.407421875 0.3888888888888889 0.01796875 0.07222222222222222
1 0.3984375 0.33055555555555555 0.0171875 0.041666666666666664
0 0.025390625 0.2548611111111111 0.01484375 0.059722222222222225