1 1.066015625 0.4263888888888889 0.03046875 0.125
1 1.146484375 0.36736111111111114 0.02578125 0.10416666666666667
1 0.92578125 0.37430555555555556 0.0265625 0.07083333333333333
0 1.1546875 0.4930555555555556 0.03125 0.11666666666666667
1 0.869921875 0.33194444444444443 0.02265625 0.075
1 1.220703125 0.38055555555555554 0.02578125 0.10555555555555556
1 0.3 0.3590277777777778 0.0265625 0.09305555555555556
1 0.8640625 0.3020833333333333 0.0140625 0.05138888888888889
0 0.00625 0.24583333333333332 0.0109375 0.06111111111111111
0 0.065234375 0.49444444444444446 0.03515625 0.125
1 0.2953125 0.33194444444444443 0.01875 0.06388888888888888