0 0.972265625 0.5548611111111111 0.03203125 0.12916666666666668
1 1.142578125 0.36527777777777776 0.03359375 0.08888888888888889
1 0.647265625 0.32013888888888886 0.01796875 0.059722222222222225
1 0.357421875 0.3888888888888889 0.01796875 0.06666666666666667
1 1.219921875 0.3854166666666667 0.02421875 0.10416666666666667
1 1.128515625 0.325 0.01640625 0.06111111111111111
1 0.85859375 0.4861111111111111 0.0234375 0.10833333333333334
0 0.634765625 0.2847222222222222 0.01796875 0.05
1 1.130859375 0.3659722222222222 0.02421875 0.07916666666666666
0 0.03984375 0.2604166666666667 0.01875 0.06527777777777778
1 0.648828125 0.28888888888888886 0.01640625 0.04722222222222222