1 1.181640625 0.49444444444444446 0.03359375 0.10555555555555556
1 1.1453125 0.37222222222222223 0.0265625 0.09444444444444444
1 0.93515625 0.3701388888888889 0.0234375 0.08194444444444444
1 1.219921875 0.3819444444444444 0.02421875 0.10555555555555556
1 1.116796875 0.4284722222222222 0.02421875 0.10694444444444444
0 0.909765625 0.3416666666666667 0.01796875 0.06944444444444445
0 0.15703125 0.4583333333333333 0.0390625 0.075
1 0.22109375 0.31666666666666665 0.015625 0.05277777777777778
0 0.012890625 0.3138888888888889 0.02421875 0.06944444444444445
0 0.90625 0.3194444444444444 0.0171875 0.06944444444444445
1 0.225390625 0.3020833333333333 0.01484375 0.05138888888888889
1 1.185546875 0.46111111111111114 0.02578125 0.09166666666666666