1 1.145703125 0.36944444444444446 0.02734375 0.09722222222222222
0 1.2 0.49236111111111114 0.034375 0.1125
1 0.93515625 0.36875 0.0203125 0.08194444444444444
0 0.151953125 0.45555555555555555 0.03515625 0.075
1 0.929296875 0.32013888888888886 0.01953125 0.0625
0 1.22109375 0.38263888888888886 0.021875 0.10138888888888889
1 0.222265625 0.3104166666666667 0.01796875 0.059722222222222225
0 0.015234375 0.31875 0.02421875 0.04861111111111111
0 0.13125 0.4534722222222222 0.0234375 0.06805555555555555
1 1.11796875 0.42291666666666666 0.0203125 0.1125
1 0.004296875 0.2708333333333333 0.00859375 0.03888888888888889
1 0.230859375 0.4222222222222222 0.03046875 0.06666666666666667