1 1.066796875 0.4270833333333333 0.03046875 0.12638888888888888
1 1.146484375 0.36666666666666664 0.02578125 0.10555555555555556
0 1.155859375 0.49027777777777776 0.03515625 0.11388888888888889
1 0.8671875 0.33125 0.01875 0.0763888888888889
1 1.220703125 0.38125 0.02578125 0.10416666666666667
1 0.926171875 0.37569444444444444 0.02578125 0.07083333333333333
1 0.300390625 0.3576388888888889 0.02421875 0.09027777777777778
1 0.864453125 0.3020833333333333 0.01484375 0.05138888888888889
0 0.00625 0.2465277777777778 0.0109375 0.0625
0 0.063671875 0.49444444444444446 0.03671875 0.125
1 0.2953125 0.33194444444444443 0.01875 0.06388888888888888