1 0.934375 0.36944444444444446 0.025 0.08055555555555556
0 1.163671875 0.4951388888888889 0.02734375 0.11527777777777778
0 0.88515625 0.3298611111111111 0.01875 0.08194444444444444
1 1.1453125 0.36875 0.0265625 0.09861111111111111
1 1.220703125 0.3798611111111111 0.02421875 0.10694444444444444
1 0.37265625 0.4 0.0171875 0.075
1 0.281640625 0.3111111111111111 0.01796875 0.05277777777777778
1 0.284765625 0.33819444444444446 0.02109375 0.07361111111111111
1 1.08828125 0.43125 0.021875 0.12916666666666668
0 0.884375 0.30625 0.0140625 0.05416666666666667
1 0.081640625 0.4583333333333333 0.02109375 0.10833333333333334