1 1.149609375 0.3659722222222222 0.02578125 0.09583333333333334
1 0.8171875 0.48541666666666666 0.028125 0.13194444444444445
1 1.115234375 0.3548611111111111 0.01796875 0.09861111111111111
1 1.2203125 0.3854166666666667 0.0234375 0.10416666666666667
1 0.96875 0.6027777777777777 0.021875 0.07777777777777778
0 0.572265625 0.28541666666666665 0.02109375 0.059722222222222225
0 0.059765625 0.28194444444444444 0.01640625 0.03611111111111111
1 0.3234375 0.32430555555555557 0.0171875 0.04027777777777778
1 0.941796875 0.5708333333333333 0.03046875 0.11666666666666667
1 0.33359375 0.3840277777777778 0.01875 0.07361111111111111
1 0.341796875 0.34444444444444444 0.01796875 0.044444444444444446