1 0.934765625 0.36944444444444446 0.02578125 0.08055555555555556
0 1.163671875 0.4930555555555556 0.02734375 0.11666666666666667
1 1.1453125 0.36875 0.0265625 0.09861111111111111
1 0.885546875 0.33125 0.01796875 0.08194444444444444
1 1.220703125 0.38125 0.02421875 0.10694444444444444
1 0.28671875 0.3416666666666667 0.021875 0.06666666666666667
1 0.2828125 0.31180555555555556 0.01875 0.05138888888888889
1 0.374609375 0.3972222222222222 0.01796875 0.08333333333333333
1 1.08828125 0.4305555555555556 0.021875 0.13055555555555556
1 0.884765625 0.30625 0.01484375 0.05416666666666667
1 0.078125 0.45694444444444443 0.021875 0.10833333333333334