1 0.934765625 0.36875 0.02578125 0.08472222222222223
1 1.1453125 0.36527777777777776 0.028125 0.10833333333333334
1 1.11171875 0.42291666666666666 0.034375 0.11527777777777778
0 1.173046875 0.49583333333333335 0.02734375 0.10555555555555556
1 0.895703125 0.33611111111111114 0.02265625 0.07222222222222222
1 1.220703125 0.38055555555555554 0.02421875 0.10555555555555556
1 0.248046875 0.32708333333333334 0.01796875 0.05694444444444444
1 0.33515625 0.4097222222222222 0.021875 0.08333333333333333
1 0.2515625 0.30277777777777776 0.015625 0.05277777777777778
0 0.14765625 0.41944444444444445 0.028125 0.08888888888888889
0 0.13828125 0.4548611111111111 0.0390625 0.11805555555555555