0 0.669921875 0.6104166666666667 0.03046875 0.14305555555555555
1 0.312109375 0.3597222222222222 0.01640625 0.06944444444444445
1 0.31875 0.30069444444444443 0.021875 0.05416666666666667
1 0.291015625 0.2763888888888889 0.01640625 0.06666666666666667
0 0.19921875 0.3548611111111111 0.021875 0.09861111111111111
1 1.115234375 0.36944444444444446 0.01953125 0.07222222222222222
1 1.11953125 0.3326388888888889 0.01875 0.06805555555555555
0 0.037890625 0.28680555555555554 0.03203125 0.08194444444444444
1 1.219921875 0.38472222222222224 0.02421875 0.10555555555555556
1 0.373046875 0.28541666666666665 0.01640625 0.04583333333333333
1 1.138671875 0.3659722222222222 0.02109375 0.0763888888888889