1 1.149609375 0.36666666666666664 0.02421875 0.1
1 0.2703125 0.3548611111111111 0.01875 0.07916666666666666
1 1.116015625 0.3597222222222222 0.02109375 0.08888888888888889
0 0.166015625 0.27569444444444446 0.01796875 0.05416666666666667
1 0.354296875 0.3159722222222222 0.01796875 0.0625
0 0.737890625 0.6069444444444444 0.03984375 0.12777777777777777
1 1.219921875 0.3854166666666667 0.02421875 0.10416666666666667
0 0.1828125 0.41597222222222224 0.0203125 0.09305555555555556
1 0.7 0.5131944444444444 0.028125 0.12916666666666668
1 0.2640625 0.3020833333333333 0.0203125 0.04861111111111111
1 0.29765625 0.5916666666666667 0.015625 0.05277777777777778
1 0.31328125 0.3590277777777778 0.015625 0.07361111111111111