1 0.025390625 0.5270833333333333 0.04609375 0.11527777777777778
1 1.14765625 0.36527777777777776 0.03125 0.09166666666666666
0 0.96328125 0.5555555555555556 0.0296875 0.13333333333333333
1 1.121875 0.35833333333333334 0.021875 0.08888888888888889
1 0.616015625 0.2923611111111111 0.01640625 0.04861111111111111
1 0.84140625 0.48125 0.0265625 0.13194444444444445
1 0.6171875 0.3145833333333333 0.0171875 0.05416666666666667
1 1.21953125 0.3854166666666667 0.0234375 0.10416666666666667
0 0.0421875 0.25833333333333336 0.0203125 0.06388888888888888
1 0.3484375 0.3888888888888889 0.0203125 0.06388888888888888
1 0.340625 0.325 0.015625 0.03611111111111111
0 1.122265625 0.32916666666666666 0.01484375 0.07222222222222222