1 0.822265625 0.4861111111111111 0.03203125 0.1361111111111111
1 1.148828125 0.3638888888888889 0.02578125 0.09722222222222222
0 0.949609375 0.5666666666666667 0.03359375 0.12222222222222222
1 1.11484375 0.3590277777777778 0.01875 0.0875
1 1.2203125 0.38472222222222224 0.0234375 0.10277777777777777
1 0.580078125 0.3020833333333333 0.01953125 0.05138888888888889
1 0.334765625 0.38680555555555557 0.01953125 0.07083333333333333
0 0.06015625 0.25555555555555554 0.01875 0.06388888888888888
1 0.32265625 0.31875 0.01875 0.034722222222222224
1 0.582421875 0.2763888888888889 0.01953125 0.04722222222222222
1 0.9859375 0.60625 0.028125 0.08472222222222223
1 0.0484375 0.5326388888888889 0.0296875 0.11805555555555555