1 1.14453125 0.3701388888888889 0.028125 0.09861111111111111
0 1.196484375 0.4888888888888889 0.03671875 0.11944444444444445
1 1.220703125 0.38055555555555554 0.02265625 0.10555555555555556
0 0.150390625 0.45902777777777776 0.03203125 0.06805555555555555
1 0.935546875 0.3701388888888889 0.02265625 0.07916666666666666
1 0.221484375 0.30972222222222223 0.01796875 0.05555555555555555
1 0.923046875 0.31805555555555554 0.02109375 0.06666666666666667
1 1.119921875 0.42291666666666666 0.02421875 0.11805555555555555
0 0.0140625 0.3194444444444444 0.025 0.05277777777777778
0 0.132421875 0.45625 0.02265625 0.06527777777777778
1 0.92734375 0.35138888888888886 0.0234375 0.06944444444444445