1 0.240625 0.40555555555555556 0.0234375 0.09444444444444444
1 0.7234375 0.5090277777777777 0.03125 0.12916666666666668
0 0.7796875 0.5993055555555555 0.03125 0.12916666666666668
1 1.169140625 0.37222222222222223 0.02890625 0.1
1 1.11640625 0.3625 0.021875 0.08333333333333333
1 0.334375 0.3638888888888889 0.0234375 0.08333333333333333
1 1.21875 0.38472222222222224 0.025 0.10277777777777777
0 0.1609375 0.46111111111111114 0.028125 0.1111111111111111
1 0.233984375 0.3423611111111111 0.01953125 0.05694444444444444
1 0.31484375 0.35138888888888886 0.015625 0.07777777777777778
0 0.066796875 0.2833333333333333 0.01796875 0.05
1 1.117578125 0.33125 0.01640625 0.06805555555555555
0 0.0625 0.2708333333333333 0.015625 0.044444444444444446