1 0.28046875 0.34791666666666665 0.0203125 0.06805555555555555
0 0.13359375 0.2861111111111111 0.015625 0.04722222222222222
1 1.116796875 0.3625 0.02109375 0.08055555555555556
0 0.716015625 0.6222222222222222 0.02890625 0.1
1 0.27265625 0.29305555555555557 0.01875 0.05277777777777778
1 1.220703125 0.3840277777777778 0.02421875 0.10416666666666667
1 0.35703125 0.3013888888888889 0.0171875 0.06666666666666667
1 0.687109375 0.5152777777777777 0.02265625 0.12222222222222222
1 0.312109375 0.35833333333333334 0.01796875 0.06388888888888888
0 0.714453125 0.55625 0.02578125 0.07916666666666666
0 0.184765625 0.39444444444444443 0.02265625 0.10555555555555556
1 1.11953125 0.33402777777777776 0.0171875 0.0763888888888889
1 1.141015625 0.3625 0.01796875 0.10277777777777777