1 1.116796875 0.3625 0.02109375 0.08055555555555556
1 1.155078125 0.37222222222222223 0.02734375 0.09166666666666666
1 0.261328125 0.37222222222222223 0.01953125 0.08888888888888889
0 0.7484375 0.5944444444444444 0.0234375 0.1361111111111111
1 0.25703125 0.32013888888888886 0.0203125 0.07361111111111111
1 0.34921875 0.34305555555555556 0.01875 0.06944444444444445
1 1.2234375 0.3784722222222222 0.028125 0.12083333333333333
1 0.350390625 0.3159722222222222 0.01640625 0.059722222222222225
1 0.7078125 0.5173611111111112 0.028125 0.12361111111111112
0 0.17890625 0.425 0.021875 0.10833333333333334
1 0.208203125 0.2972222222222222 0.01796875 0.03611111111111111
1 0.314453125 0.35555555555555557 0.01484375 0.075
1 0.201171875 0.29375 0.01640625 0.04027777777777778
1 1.11875 0.33402777777777776 0.015625 0.07361111111111111
1 0.19296875 0.2826388888888889 0.0125 0.043055555555555555