1 0.76328125 0.5972222222222222 0.04375 0.15
1 1.11640625 0.3638888888888889 0.0203125 0.07777777777777778
1 0.2515625 0.38125 0.01875 0.0875
1 1.21953125 0.3861111111111111 0.0234375 0.1
1 1.16015625 0.3715277777777778 0.0203125 0.09305555555555556
1 0.34453125 0.34791666666666665 0.0203125 0.07916666666666666
1 0.714453125 0.5125 0.02890625 0.12222222222222222
0 0.01484375 0.2951388888888889 0.015625 0.04861111111111111
1 0.314453125 0.3576388888888889 0.01484375 0.0763888888888889
0 0.211328125 0.2701388888888889 0.01640625 0.04583333333333333
1 0.24765625 0.33125 0.021875 0.06805555555555555
0 0.173046875 0.44375 0.02578125 0.1125
1 1.117578125 0.3326388888888889 0.01796875 0.07083333333333333
0 0.205859375 0.2569444444444444 0.01640625 0.04722222222222222
1 0.343359375 0.3215277777777778 0.01640625 0.05694444444444444