1 1.04453125 0.4354166666666667 0.0359375 0.12361111111111112
1 1.145703125 0.36736111111111114 0.02734375 0.10416666666666667
1 0.89140625 0.3541666666666667 0.025 0.08888888888888889
1 0.284765625 0.375 0.02265625 0.10277777777777777
1 0.409375 0.3909722222222222 0.01875 0.06805555555555555
1 0.839453125 0.3298611111111111 0.01953125 0.0763888888888889
1 1.219921875 0.38055555555555554 0.02578125 0.10555555555555556
1 1.134375 0.5083333333333333 0.03125 0.11944444444444445
1 0.837109375 0.30625 0.01484375 0.05416666666666667
1 1.1109375 0.5409722222222222 0.021875 0.08194444444444444
0 0.008203125 0.24583333333333332 0.01328125 0.07222222222222222
0 0.0875 0.5409722222222222 0.0234375 0.11805555555555555