1 0.9859375 0.4534722222222222 0.0359375 0.11805555555555555
1 1.145703125 0.36666666666666664 0.02578125 0.1
0 1.04609375 0.525 0.0359375 0.1111111111111111
0 0.762109375 0.2986111111111111 0.01640625 0.05277777777777778
1 0.408984375 0.3875 0.01953125 0.07222222222222222
1 0.280859375 0.4326388888888889 0.03515625 0.1125
1 1.2203125 0.38263888888888886 0.0234375 0.10694444444444444
1 0.837109375 0.3611111111111111 0.02109375 0.08055555555555556
0 0.765234375 0.325 0.01640625 0.06111111111111111
1 0.83046875 0.3388888888888889 0.0171875 0.06111111111111111
1 0.315234375 0.5048611111111111 0.03828125 0.05138888888888889