0 1.0265625 0.5263888888888889 0.03125 0.13055555555555556
1 0.966796875 0.45694444444444443 0.03046875 0.10555555555555556
1 0.742578125 0.3236111111111111 0.01953125 0.05277777777777778
1 1.145703125 0.36666666666666664 0.02734375 0.09444444444444444
1 0.80546875 0.3486111111111111 0.025 0.08055555555555556
1 1.21953125 0.38263888888888886 0.0234375 0.10694444444444444
1 0.73984375 0.2916666666666667 0.0171875 0.05
1 0.25546875 0.44513888888888886 0.028125 0.12083333333333333
1 0.398046875 0.3277777777777778 0.01328125 0.04722222222222222
1 0.406640625 0.38819444444444445 0.01953125 0.07361111111111111
0 0.0265625 0.2513888888888889 0.0171875 0.06666666666666667