0 0.076171875 0.2902777777777778 0.03046875 0.06388888888888888
0 0.68359375 0.6090277777777777 0.028125 0.14027777777777778
1 1.116015625 0.3645833333333333 0.02109375 0.0763888888888889
1 0.287109375 0.2875 0.01640625 0.05277777777777778
1 0.367578125 0.2861111111111111 0.01640625 0.06944444444444445
1 0.3140625 0.3590277777777778 0.015625 0.0625
1 1.220703125 0.3854166666666667 0.02265625 0.10416666666666667
0 0.193359375 0.3701388888888889 0.01953125 0.09305555555555556
1 1.11953125 0.32916666666666666 0.0171875 0.06944444444444445
1 1.139453125 0.36527777777777776 0.02109375 0.07777777777777778
1 0.30234375 0.29583333333333334 0.01875 0.05
1 0.666015625 0.5083333333333333 0.01640625 0.10555555555555556
1 0.293359375 0.2951388888888889 0.02109375 0.05416666666666667