1 0.709375 0.6055555555555555 0.0375 0.1388888888888889
1 0.285546875 0.34305555555555556 0.02109375 0.06944444444444445
1 0.687109375 0.5111111111111111 0.03515625 0.1388888888888889
1 0.276171875 0.29375 0.02109375 0.05138888888888889
1 0.359765625 0.29375 0.01796875 0.0625
1 1.116796875 0.36319444444444443 0.02109375 0.08194444444444444
0 0.128125 0.28958333333333336 0.01875 0.05138888888888889
1 1.2203125 0.3840277777777778 0.0234375 0.10416666666666667
0 0.18515625 0.3888888888888889 0.021875 0.10277777777777777
1 0.3125 0.35625 0.0171875 0.06527777777777778
1 1.11953125 0.3347222222222222 0.0171875 0.075
1 0.30703125 0.3194444444444444 0.0203125 0.06111111111111111
1 1.127734375 0.3645833333333333 0.02890625 0.09027777777777778
1 1.139453125 0.3645833333333333 0.01796875 0.09861111111111111