1 0.934765625 0.3680555555555556 0.02578125 0.08333333333333333
1 1.1453125 0.36736111111111114 0.028125 0.10694444444444444
1 1.112109375 0.42291666666666666 0.03359375 0.11527777777777778
0 1.172265625 0.49583333333333335 0.02734375 0.10555555555555556
1 0.895703125 0.33611111111111114 0.02265625 0.07222222222222222
1 1.220703125 0.38055555555555554 0.02421875 0.10555555555555556
1 0.246875 0.32222222222222224 0.0171875 0.06666666666666667
1 0.333203125 0.41180555555555554 0.02578125 0.08472222222222223
0 0.136328125 0.45069444444444445 0.03359375 0.11527777777777778
0 0.149609375 0.41944444444444445 0.03203125 0.08611111111111111
1 0.32421875 0.3472222222222222 0.015625 0.041666666666666664
1 1.08359375 0.5361111111111111 0.021875 0.08055555555555556