0 0.72421875 0.6069444444444444 0.025 0.13055555555555556
0 0.1828125 0.4027777777777778 0.021875 0.10555555555555556
1 0.3546875 0.3013888888888889 0.0171875 0.05555555555555555
1 0.276953125 0.34791666666666665 0.01796875 0.07083333333333333
1 1.115625 0.36319444444444443 0.0203125 0.08194444444444444
1 1.220703125 0.3840277777777778 0.02421875 0.10416666666666667
1 0.6921875 0.5263888888888889 0.021875 0.1
1 0.27109375 0.3020833333333333 0.01875 0.05694444444444444
0 0.152734375 0.28055555555555556 0.02265625 0.058333333333333334
1 1.11875 0.33402777777777776 0.0171875 0.0763888888888889
1 0.313671875 0.3590277777777778 0.01484375 0.06805555555555555
1 1.14296875 0.36527777777777776 0.0171875 0.1
0 0.724609375 0.5611111111111111 0.02421875 0.08611111111111111