0 0.6796875 0.6159722222222223 0.0375 0.14027777777777778
1 0.288671875 0.2763888888888889 0.01484375 0.05277777777777778
1 0.309765625 0.2972222222222222 0.01953125 0.05277777777777778
1 1.115625 0.3680555555555556 0.0203125 0.07222222222222222
1 0.312890625 0.3597222222222222 0.01640625 0.06666666666666667
1 1.119921875 0.33125 0.01796875 0.06805555555555555
0 0.055078125 0.29444444444444445 0.01953125 0.04722222222222222
1 1.219921875 0.3854166666666667 0.02421875 0.10416666666666667
0 0.193359375 0.3597222222222222 0.01796875 0.09444444444444444
1 0.3703125 0.27847222222222223 0.0171875 0.059722222222222225
1 1.137109375 0.3645833333333333 0.01953125 0.0875
0 0.6625 0.5493055555555556 0.01875 0.07361111111111111