1 1.181640625 0.49583333333333335 0.03359375 0.10277777777777777
1 1.1453125 0.37222222222222223 0.0265625 0.09444444444444444
1 0.93515625 0.36944444444444446 0.0234375 0.08055555555555556
1 1.219921875 0.3819444444444444 0.02421875 0.10555555555555556
0 0.909375 0.3423611111111111 0.01875 0.06805555555555555
0 0.158203125 0.4583333333333333 0.03984375 0.075
1 1.116796875 0.4284722222222222 0.02421875 0.10694444444444444
0 0.90625 0.31666666666666665 0.0171875 0.06666666666666667
1 0.22109375 0.3173611111111111 0.015625 0.05138888888888889
0 0.0125 0.3173611111111111 0.0234375 0.0763888888888889
1 0.224609375 0.3020833333333333 0.01484375 0.05138888888888889
1 1.1859375 0.46111111111111114 0.0265625 0.08888888888888889
1 0.927734375 0.3527777777777778 0.02265625 0.06111111111111111
1 0.26953125 0.425 0.021875 0.06666666666666667