0 0.201171875 0.3527777777777778 0.02421875 0.10277777777777777
0 0.6671875 0.6131944444444445 0.028125 0.14027777777777778
1 0.29140625 0.2708333333333333 0.0171875 0.06944444444444445
1 1.115234375 0.3701388888888889 0.01953125 0.07083333333333333
1 1.11953125 0.33055555555555555 0.01875 0.06944444444444445
1 0.319140625 0.29791666666666666 0.02109375 0.05694444444444444
0 0.03046875 0.2923611111111111 0.034375 0.05416666666666667
1 1.220703125 0.38333333333333336 0.02421875 0.10555555555555556
1 0.31171875 0.35833333333333334 0.015625 0.06944444444444445
1 1.137890625 0.36527777777777776 0.01796875 0.08611111111111111
1 0.373046875 0.28055555555555556 0.01484375 0.044444444444444446