1 0.828515625 0.35625 0.03671875 0.08194444444444444
1 1.145703125 0.3659722222222222 0.02578125 0.10138888888888889
0 1.03828125 0.5131944444444444 0.0375 0.12083333333333333
0 0.7515625 0.28958333333333336 0.0203125 0.05138888888888889
0 0.75390625 0.3194444444444444 0.025 0.06944444444444445
1 1.220703125 0.3819444444444444 0.02421875 0.10555555555555556
1 0.408203125 0.3875 0.01953125 0.06944444444444445
1 0.26640625 0.4340277777777778 0.03125 0.11805555555555555
1 0.975 0.45555555555555555 0.0234375 0.1111111111111111
1 0.39921875 0.33055555555555555 0.0171875 0.041666666666666664
0 0.025390625 0.25416666666666665 0.01484375 0.058333333333333334