1 1.145703125 0.36736111111111114 0.02734375 0.09583333333333334
1 0.96484375 0.4583333333333333 0.0359375 0.1
0 0.73828125 0.3236111111111111 0.0171875 0.05555555555555555
1 0.397265625 0.3277777777777778 0.01484375 0.044444444444444446
0 1.02265625 0.5326388888888889 0.028125 0.11805555555555555
1 0.798828125 0.3375 0.02109375 0.06388888888888888
1 1.21953125 0.38263888888888886 0.0234375 0.10694444444444444
1 0.2515625 0.4486111111111111 0.0328125 0.12777777777777777
0 0.73671875 0.2951388888888889 0.0171875 0.04861111111111111
1 0.405859375 0.38680555555555557 0.02109375 0.07361111111111111
1 0.80390625 0.35555555555555557 0.0203125 0.075
0 0.027734375 0.2534722222222222 0.01796875 0.06805555555555555