1 0.934765625 0.3680555555555556 0.02578125 0.08333333333333333
0 1.173046875 0.49583333333333335 0.02734375 0.10555555555555556
1 1.1453125 0.36875 0.028125 0.10416666666666667
1 1.112109375 0.4236111111111111 0.03046875 0.11388888888888889
1 0.896875 0.3375 0.021875 0.07222222222222222
1 1.220703125 0.38055555555555554 0.02421875 0.10555555555555556
1 0.244921875 0.3215277777777778 0.01796875 0.06805555555555555
1 0.329296875 0.4097222222222222 0.02109375 0.08333333333333333
0 0.13046875 0.4444444444444444 0.0234375 0.09722222222222222
1 1.083984375 0.5368055555555555 0.02265625 0.08194444444444444
1 0.89609375 0.3111111111111111 0.0171875 0.06388888888888888
0 0.153125 0.44583333333333336 0.053125 0.1388888888888889
1 0.321484375 0.3472222222222222 0.01484375 0.041666666666666664