1 1.145703125 0.3701388888888889 0.02734375 0.09583333333333334
0 1.200390625 0.49027777777777776 0.03515625 0.1111111111111111
1 0.9359375 0.36944444444444446 0.0203125 0.08055555555555556
0 0.151953125 0.45555555555555555 0.03515625 0.075
0 1.22109375 0.3819444444444444 0.021875 0.10277777777777777
1 0.930078125 0.3194444444444444 0.01953125 0.06111111111111111
1 0.222265625 0.30972222222222223 0.01796875 0.06111111111111111
0 0.015234375 0.31875 0.02421875 0.04861111111111111
0 0.13125 0.4527777777777778 0.0234375 0.06944444444444445
1 1.11796875 0.42083333333333334 0.0203125 0.11388888888888889
1 0.230859375 0.4222222222222222 0.03046875 0.06666666666666667