1 0.81796875 0.4847222222222222 0.028125 0.13055555555555556
1 1.149609375 0.3659722222222222 0.02578125 0.09583333333333334
1 1.11484375 0.3590277777777778 0.01875 0.09027777777777778
1 1.2203125 0.38472222222222224 0.0234375 0.10277777777777777
1 0.942578125 0.5652777777777778 0.03359375 0.1361111111111111
0 0.57421875 0.2965277777777778 0.01875 0.05416666666666667
1 0.3234375 0.32222222222222224 0.0171875 0.03888888888888889
1 0.97109375 0.6006944444444444 0.0203125 0.0763888888888889
1 0.333984375 0.38472222222222224 0.01953125 0.07222222222222222
0 0.059765625 0.28125 0.01640625 0.04027777777777778
0 0.5734375 0.2722222222222222 0.01875 0.04722222222222222
0 0.062109375 0.25555555555555554 0.01640625 0.05277777777777778