1 0.850390625 0.48125 0.03046875 0.13472222222222222
0 0.96640625 0.5534722222222223 0.03125 0.12638888888888888
1 1.14765625 0.36736111111111114 0.0328125 0.09027777777777778
1 0.025 0.5270833333333333 0.04375 0.1125
1 0.623828125 0.3159722222222222 0.01796875 0.05138888888888889
1 1.125 0.3611111111111111 0.0234375 0.08611111111111111
1 0.62109375 0.2902777777777778 0.0171875 0.044444444444444446
1 1.21953125 0.38472222222222224 0.0234375 0.10277777777777777
1 1.123828125 0.3277777777777778 0.01640625 0.06666666666666667
0 0.041796875 0.25972222222222224 0.01953125 0.06388888888888888
1 0.9984375 1.39375 0.0765625 0.15138888888888888