0 1.173828125 0.49583333333333335 0.02734375 0.10555555555555556
1 0.934765625 0.3680555555555556 0.02578125 0.08333333333333333
1 1.11171875 0.4236111111111111 0.0296875 0.1111111111111111
1 1.1453125 0.3680555555555556 0.028125 0.10277777777777777
1 0.897265625 0.33958333333333335 0.02109375 0.07083333333333333
1 1.220703125 0.38055555555555554 0.02421875 0.10555555555555556
1 0.24375 0.31527777777777777 0.01875 0.06944444444444445
1 0.897265625 0.3104166666666667 0.01640625 0.059722222222222225
1 0.32890625 0.4083333333333333 0.0234375 0.08333333333333333
1 1.0828125 0.5368055555555555 0.025 0.07916666666666666
1 0.130859375 0.44166666666666665 0.02109375 0.09444444444444444
1 0.155859375 0.44930555555555557 0.05546875 0.1375
1 0.320703125 0.3486111111111111 0.01328125 0.044444444444444446