1 0.928125 0.36736111111111114 0.0265625 0.08194444444444444
0 1.157421875 0.49583333333333335 0.03046875 0.12222222222222222
1 0.8734375 0.3326388888888889 0.0265625 0.07361111111111111
1 1.145703125 0.36875 0.02578125 0.10138888888888889
1 1.07109375 0.4263888888888889 0.025 0.12222222222222222
1 1.2203125 0.38263888888888886 0.025 0.10694444444444444
1 0.298046875 0.3451388888888889 0.02734375 0.09027777777777778
1 0.078515625 0.48333333333333334 0.05078125 0.11666666666666667
1 0.0515625 0.4965277777777778 0.0375 0.10416666666666667
1 0.86953125 0.30416666666666664 0.0140625 0.05277777777777778
1 0.032421875 0.5486111111111112 0.05234375 0.1111111111111111