0 0.0796875 0.28888888888888886 0.0234375 0.04722222222222222
1 1.116015625 0.3638888888888889 0.02109375 0.07777777777777778
1 0.3140625 0.35694444444444445 0.015625 0.06111111111111111
1 1.220703125 0.3854166666666667 0.02265625 0.10416666666666667
0 0.687890625 0.5645833333333333 0.02734375 0.0875
1 0.283203125 0.28541666666666665 0.01640625 0.05138888888888889
0 0.68671875 0.625 0.021875 0.10555555555555556
1 1.11953125 0.32916666666666666 0.0171875 0.06944444444444445
1 0.30078125 0.30416666666666664 0.01875 0.05277777777777778
1 0.366015625 0.2847222222222222 0.01640625 0.06944444444444445
1 1.139453125 0.36527777777777776 0.02109375 0.07777777777777778
0 0.192578125 0.3659722222222222 0.01796875 0.0875
1 0.668359375 0.4583333333333333 0.01328125 0.05
1 0.669140625 0.5097222222222222 0.01484375 0.1111111111111111