0 0.742578125 0.6013888888888889 0.03359375 0.1388888888888889
1 1.152734375 0.37222222222222223 0.02890625 0.08888888888888889
1 0.267578125 0.3625 0.01953125 0.07222222222222222
1 0.262109375 0.3104166666666667 0.02265625 0.059722222222222225
1 1.116015625 0.3597222222222222 0.02109375 0.08611111111111111
0 0.18046875 0.4222222222222222 0.0234375 0.10833333333333334
1 0.351171875 0.3104166666666667 0.01796875 0.05416666666666667
1 0.701953125 0.5076388888888889 0.02734375 0.12638888888888888
1 0.314453125 0.35555555555555557 0.01484375 0.07222222222222222
1 1.21953125 0.38472222222222224 0.0234375 0.10277777777777777
1 0.351953125 0.33541666666666664 0.01640625 0.06527777777777778
1 1.134765625 0.3645833333333333 0.03671875 0.0875
0 0.201171875 0.3055555555555556 0.02109375 0.044444444444444446
1 0.70078125 0.4583333333333333 0.015625 0.05277777777777778
0 0.74140625 0.5520833333333334 0.0296875 0.08472222222222223