0 0.97421875 0.5506944444444445 0.03125 0.13194444444444445
1 1.142578125 0.36666666666666664 0.03359375 0.08888888888888889
1 0.860546875 0.47847222222222224 0.02421875 0.11527777777777778
1 0.637890625 0.2875 0.01640625 0.058333333333333334
1 1.21953125 0.3854166666666667 0.0234375 0.10416666666666667
1 0.653125 0.3284722222222222 0.0171875 0.05416666666666667
1 0.6515625 0.30833333333333335 0.0171875 0.05
1 0.360546875 0.3888888888888889 0.01640625 0.07222222222222222
1 1.12734375 0.32222222222222224 0.015625 0.06111111111111111
1 0.046875 0.5145833333333333 0.03125 0.12083333333333333
1 0.64609375 0.28888888888888886 0.01875 0.05277777777777778
1 1.13046875 0.36666666666666664 0.021875 0.08055555555555556