1 0.934375 0.36875 0.0265625 0.08472222222222223
1 1.1453125 0.36527777777777776 0.028125 0.10833333333333334
1 0.89453125 0.3375 0.0234375 0.07222222222222222
0 1.171875 0.49583333333333335 0.0265625 0.10555555555555556
1 1.11015625 0.42430555555555555 0.0359375 0.11805555555555555
1 1.220703125 0.38055555555555554 0.02421875 0.10555555555555556
1 0.249609375 0.325 0.01796875 0.058333333333333334
1 0.3359375 0.41041666666666665 0.021875 0.08194444444444444
1 0.25234375 0.30277777777777776 0.015625 0.05277777777777778
0 0.148828125 0.4201388888888889 0.02578125 0.0875
0 0.13671875 0.45625 0.0390625 0.12083333333333333
1 1.08359375 0.5361111111111111 0.021875 0.08055555555555556
1 0.8953125 0.3125 0.0171875 0.06666666666666667