1 0.27890625 0.2798611111111111 0.0171875 0.05138888888888889
1 0.697265625 0.6118055555555556 0.03671875 0.14027777777777778
1 1.116015625 0.3625 0.02109375 0.08055555555555556
0 0.096484375 0.29930555555555555 0.01796875 0.04583333333333333
1 1.22109375 0.38333333333333336 0.0234375 0.10277777777777777
1 0.296875 0.3236111111111111 0.01875 0.06944444444444445
1 0.364453125 0.28888888888888886 0.01640625 0.06944444444444445
1 1.11953125 0.33055555555555555 0.0171875 0.06944444444444445
1 0.675390625 0.5111111111111111 0.02421875 0.12777777777777777
1 0.31328125 0.35138888888888886 0.015625 0.05555555555555555
0 0.188671875 0.37777777777777777 0.01796875 0.09166666666666666
1 1.140234375 0.3645833333333333 0.02109375 0.08472222222222223
1 0.30625 0.3111111111111111 0.0203125 0.05277777777777778