1 0.25859375 0.37777777777777777 0.021875 0.08333333333333333
1 0.75390625 0.6013888888888889 0.034375 0.13055555555555556
1 1.11640625 0.3638888888888889 0.0203125 0.07777777777777778
1 1.15703125 0.37569444444444444 0.025 0.08472222222222223
1 1.22265625 0.3784722222222222 0.028125 0.12083333333333333
1 0.348828125 0.3277777777777778 0.01640625 0.06666666666666667
1 0.710546875 0.5034722222222222 0.02578125 0.12361111111111112
1 0.01484375 0.3416666666666667 0.025 0.027777777777777776
0 0.17578125 0.4340277777777778 0.021875 0.11527777777777778
1 1.11875 0.33194444444444443 0.015625 0.07222222222222222
1 0.255859375 0.3277777777777778 0.01953125 0.08055555555555556
1 0.006640625 0.29583333333333334 0.01171875 0.041666666666666664