1 0.3125 0.35833333333333334 0.0171875 0.06944444444444445
0 0.680078125 0.6152777777777778 0.03671875 0.1388888888888889
1 0.2875 0.2763888888888889 0.0140625 0.05
1 1.115625 0.3680555555555556 0.0203125 0.07222222222222222
1 0.309765625 0.29791666666666666 0.01953125 0.05138888888888889
1 1.119921875 0.33125 0.01796875 0.06805555555555555
1 1.219921875 0.3854166666666667 0.02421875 0.10416666666666667
0 0.193359375 0.3611111111111111 0.01796875 0.09444444444444444
0 0.0578125 0.2986111111111111 0.0171875 0.044444444444444446
0 0.053125 0.275 0.0171875 0.044444444444444446
1 0.370703125 0.27847222222222223 0.01640625 0.05694444444444444
1 1.13671875 0.3638888888888889 0.01875 0.08888888888888889
0 0.662890625 0.5506944444444445 0.01796875 0.07361111111111111
0 0.669140625 0.5590277777777778 0.02265625 0.10416666666666667
0 0.210546875 0.3076388888888889 0.01953125 0.05416666666666667