1 0.263671875 0.3659722222222222 0.01953125 0.07916666666666666
1 1.15390625 0.37222222222222223 0.028125 0.09166666666666666
0 0.745703125 0.60625 0.02421875 0.11805555555555555
1 1.116015625 0.36180555555555555 0.02109375 0.08194444444444444
1 0.259375 0.3138888888888889 0.0203125 0.06111111111111111
1 0.315234375 0.35625 0.01484375 0.07361111111111111
0 0.1796875 0.425 0.0234375 0.10833333333333334
1 0.350390625 0.3277777777777778 0.01796875 0.07777777777777778
1 1.21953125 0.3854166666666667 0.0234375 0.10138888888888889
1 0.210546875 0.30416666666666664 0.01953125 0.03888888888888889
0 0.74765625 0.5513888888888889 0.0265625 0.08333333333333333
0 0.18671875 0.2722222222222222 0.015625 0.04722222222222222
1 0.70546875 0.50625 0.025 0.12083333333333333
1 1.11875 0.3333333333333333 0.015625 0.075