1 1.1453125 0.36666666666666664 0.0265625 0.10277777777777777
1 1.047265625 0.4340277777777778 0.02421875 0.12083333333333333
1 0.848046875 0.3326388888888889 0.02421875 0.07083333333333333
1 0.2890625 0.36875 0.021875 0.10138888888888889
1 0.4078125 0.3909722222222222 0.0171875 0.07083333333333333
1 1.22109375 0.37777777777777777 0.0296875 0.11944444444444445
1 0.896875 0.35208333333333336 0.0203125 0.09305555555555556
0 1.138671875 0.49583333333333335 0.02421875 0.11944444444444445
1 0.844140625 0.30694444444444446 0.01640625 0.06111111111111111
0 0.008203125 0.24722222222222223 0.01328125 0.075
1 1.106640625 0.5423611111111111 0.02109375 0.0763888888888889
0 0.083203125 0.5215277777777778 0.03203125 0.14305555555555555