1 1.14296875 0.37777777777777777 0.025 0.075
0 0.99375 0.53125 0.0359375 0.11805555555555555
1 0.7296875 0.33194444444444443 0.021875 0.06944444444444445
0 0.687890625 0.3125 0.01953125 0.05555555555555555
1 0.90625 0.4701388888888889 0.021875 0.09861111111111111
1 0.725390625 0.3145833333333333 0.01796875 0.05694444444444444
1 1.21953125 0.38333333333333336 0.0234375 0.10277777777777777
0 0.684765625 0.2881944444444444 0.01640625 0.04027777777777778
1 0.161328125 0.47847222222222224 0.02890625 0.13194444444444445
1 0.387890625 0.39305555555555555 0.02109375 0.06666666666666667
0 0.031640625 0.25416666666666665 0.01796875 0.07222222222222222