0 0.73984375 0.6048611111111111 0.040625 0.1375
1 1.14921875 0.36944444444444446 0.0265625 0.09444444444444444
1 0.269921875 0.3576388888888889 0.01640625 0.07916666666666666
1 0.353125 0.3173611111111111 0.01875 0.06527777777777778
1 1.116015625 0.36041666666666666 0.02109375 0.08472222222222223
1 0.6984375 0.5069444444444444 0.0265625 0.1361111111111111
1 1.21953125 0.3854166666666667 0.0234375 0.10138888888888889
1 0.313671875 0.35625 0.01484375 0.07361111111111111
0 0.172265625 0.27708333333333335 0.01796875 0.04583333333333333
0 0.181640625 0.40694444444444444 0.02109375 0.10277777777777777
1 0.2640625 0.3055555555555556 0.0203125 0.05555555555555555
0 0.201171875 0.30694444444444446 0.01796875 0.04722222222222222
0 0.18203125 0.4375 0.015625 0.06944444444444445
1 1.119140625 0.33541666666666664 0.01640625 0.0763888888888889