1 1.1453125 0.36666666666666664 0.0265625 0.10277777777777777
1 1.05 0.43333333333333335 0.021875 0.11944444444444445
1 0.9046875 0.35833333333333334 0.0203125 0.08611111111111111
1 0.85234375 0.32916666666666666 0.028125 0.08055555555555556
1 1.22109375 0.37777777777777777 0.0296875 0.11944444444444445
1 0.405859375 0.3902777777777778 0.01640625 0.07222222222222222
1 0.290234375 0.3659722222222222 0.02265625 0.09861111111111111
0 1.142578125 0.4909722222222222 0.02578125 0.10694444444444444
0 0.007421875 0.2465277777777778 0.01171875 0.07083333333333333
1 1.10390625 0.5409722222222222 0.021875 0.07361111111111111
0 1.1453125 0.5305555555555556 0.0234375 0.075
1 0.400390625 0.34375 0.01328125 0.05416666666666667