1 1.151953125 0.3729166666666667 0.02890625 0.0875
0 0.741796875 0.6041666666666666 0.03515625 0.13333333333333333
1 0.2671875 0.36319444444444443 0.01875 0.07083333333333333
1 0.262109375 0.3111111111111111 0.02109375 0.058333333333333334
1 1.115625 0.3597222222222222 0.021875 0.08611111111111111
1 0.31328125 0.35625 0.015625 0.07083333333333333
1 0.351171875 0.30833333333333335 0.01796875 0.05277777777777778
1 1.21953125 0.3854166666666667 0.0234375 0.10138888888888889
1 0.3515625 0.3333333333333333 0.0171875 0.06111111111111111
1 0.700390625 0.5076388888888889 0.02734375 0.12361111111111112
0 0.180859375 0.42291666666666666 0.02109375 0.10694444444444444
1 1.137109375 0.3659722222222222 0.03671875 0.0875
0 0.199609375 0.3076388888888889 0.01953125 0.04861111111111111
1 1.119140625 0.3347222222222222 0.01640625 0.07777777777777778