1 1.144921875 0.36944444444444446 0.02734375 0.1
1 0.936328125 0.36944444444444446 0.02265625 0.08055555555555556
1 0.221875 0.3104166666666667 0.01875 0.059722222222222225
1 1.2203125 0.3819444444444444 0.0234375 0.10555555555555556
0 1.18515625 0.4951388888888889 0.03125 0.10972222222222222
1 0.912890625 0.33958333333333335 0.01953125 0.07083333333333333
1 1.118359375 0.42430555555555555 0.02734375 0.11805555555555555
0 0.1546875 0.46111111111111114 0.05 0.08055555555555556
0 0.015234375 0.3145833333333333 0.02578125 0.0625
1 0.91015625 0.31527777777777777 0.01875 0.06111111111111111
1 0.256640625 0.42291666666666666 0.01953125 0.07083333333333333