1 0.816015625 0.35138888888888886 0.03359375 0.08333333333333333
1 1.145703125 0.36666666666666664 0.02734375 0.1
1 0.25859375 0.4409722222222222 0.034375 0.12361111111111112
1 0.969921875 0.45902777777777776 0.02734375 0.10416666666666667
1 0.7453125 0.3194444444444444 0.0203125 0.058333333333333334
1 0.3984375 0.325 0.015625 0.03888888888888889
0 1.031640625 0.5208333333333334 0.03359375 0.125
1 1.21953125 0.3819444444444444 0.0234375 0.10555555555555556
1 0.40703125 0.38819444444444445 0.0203125 0.07083333333333333
1 0.744140625 0.29375 0.01796875 0.05416666666666667
0 0.026171875 0.25416666666666665 0.01640625 0.06111111111111111