1 1.1453125 0.36875 0.0265625 0.10138888888888889
1 0.850390625 0.33194444444444443 0.02578125 0.07222222222222222
1 0.289453125 0.36875 0.02265625 0.10138888888888889
1 0.40703125 0.3909722222222222 0.0171875 0.07083333333333333
1 1.04765625 0.43472222222222223 0.021875 0.11944444444444445
1 1.22109375 0.37777777777777777 0.0296875 0.11944444444444445
1 0.898828125 0.35 0.01953125 0.09444444444444444
0 1.141015625 0.5090277777777777 0.02421875 0.10972222222222222
1 0.845703125 0.30694444444444446 0.01640625 0.06388888888888888
1 1.105859375 0.5430555555555555 0.02109375 0.075
0 0.0078125 0.24861111111111112 0.0125 0.06944444444444445
0 1.1390625 0.4736111111111111 0.021875 0.07222222222222222