0 0.669140625 0.6125 0.02890625 0.1388888888888889
0 0.03515625 0.28680555555555554 0.0359375 0.07361111111111111
1 0.312109375 0.3590277777777778 0.01640625 0.06805555555555555
0 0.200390625 0.35347222222222224 0.02265625 0.09861111111111111
1 0.291796875 0.2722222222222222 0.01640625 0.06944444444444445
1 1.11484375 0.3701388888888889 0.0203125 0.07083333333333333
1 1.11953125 0.33125 0.01875 0.06805555555555555
1 0.319140625 0.30069444444444443 0.02109375 0.05694444444444444
1 1.219921875 0.3854166666666667 0.02421875 0.10416666666666667
1 0.373046875 0.28194444444444444 0.01640625 0.04722222222222222
1 1.138671875 0.36736111111111114 0.02109375 0.0763888888888889
0 0.205078125 0.31319444444444444 0.01796875 0.059722222222222225