1 0.283984375 0.3416666666666667 0.02109375 0.06944444444444445
0 0.712109375 0.6083333333333333 0.03203125 0.14166666666666666
1 0.274609375 0.29305555555555557 0.02109375 0.05555555555555555
0 0.130859375 0.2923611111111111 0.01796875 0.04583333333333333
1 1.116796875 0.3625 0.02109375 0.08055555555555556
1 0.358984375 0.2951388888888889 0.01640625 0.06527777777777778
1 1.2203125 0.3840277777777778 0.0234375 0.10416666666666667
1 0.6859375 0.5152777777777777 0.028125 0.12222222222222222
0 0.184375 0.39375 0.0234375 0.10694444444444444
1 0.31015625 0.35625 0.01875 0.0625
1 1.11953125 0.3333333333333333 0.0171875 0.075
1 0.30859375 0.3125 0.0234375 0.05277777777777778
0 0.7125 0.55 0.0234375 0.07222222222222222
1 1.1390625 0.36319444444444443 0.01875 0.10138888888888889