1 0.75859375 0.5986111111111111 0.0421875 0.14166666666666666
1 0.255078125 0.375 0.02421875 0.08333333333333333
1 1.115625 0.36527777777777776 0.0203125 0.075
1 1.21953125 0.3854166666666667 0.0234375 0.10138888888888889
1 0.34609375 0.3451388888888889 0.0203125 0.08472222222222223
0 0.2015625 0.2569444444444444 0.0171875 0.04722222222222222
1 1.159375 0.3840277777777778 0.0203125 0.07361111111111111
0 0.01171875 0.2902777777777778 0.021875 0.06666666666666667
1 1.11875 0.33055555555555555 0.015625 0.06944444444444445
0 0.175 0.44027777777777777 0.025 0.10833333333333334
1 0.7125 0.5055555555555555 0.025 0.12222222222222222
1 0.31328125 0.3576388888888889 0.0140625 0.08194444444444444