1 1.154296875 0.3729166666666667 0.02734375 0.09027777777777778
1 1.116015625 0.36319444444444443 0.02109375 0.08194444444444444
1 0.261328125 0.36666666666666664 0.01953125 0.08333333333333333
0 0.749609375 0.5715277777777777 0.02421875 0.09861111111111111
1 0.35 0.3416666666666667 0.01875 0.06944444444444445
1 0.211328125 0.3034722222222222 0.01953125 0.0375
1 1.21953125 0.38472222222222224 0.0234375 0.10277777777777777
0 0.745703125 0.60625 0.02265625 0.11527777777777778
1 0.314453125 0.35555555555555557 0.01484375 0.07222222222222222
0 0.1796875 0.4236111111111111 0.0234375 0.1111111111111111
1 0.259765625 0.3215277777777778 0.02109375 0.07916666666666666
1 0.3515625 0.3159722222222222 0.0171875 0.059722222222222225
1 0.70546875 0.5069444444444444 0.025 0.11944444444444445
1 1.11875 0.33402777777777776 0.015625 0.07361111111111111
1 0.711328125 0.5423611111111111 0.02421875 0.07361111111111111