1 0.934765625 0.3680555555555556 0.02578125 0.08333333333333333
1 1.1453125 0.36736111111111114 0.028125 0.10416666666666667
1 1.11171875 0.42430555555555555 0.0328125 0.1125
0 1.17265625 0.49583333333333335 0.0265625 0.10555555555555556
1 0.896484375 0.3375 0.02265625 0.07222222222222222
1 1.220703125 0.38055555555555554 0.02421875 0.10555555555555556
1 0.244921875 0.32083333333333336 0.01796875 0.06666666666666667
1 0.33359375 0.4111111111111111 0.0265625 0.08611111111111111
1 0.322265625 0.34930555555555554 0.01484375 0.043055555555555555
0 0.14140625 0.4548611111111111 0.0390625 0.13472222222222222
1 1.083984375 0.5361111111111111 0.02265625 0.08055555555555556
1 0.896484375 0.3111111111111111 0.01796875 0.06666666666666667