0 0.728515625 0.60625 0.02890625 0.13194444444444445
1 0.276171875 0.35208333333333336 0.02109375 0.07916666666666666
0 0.1546875 0.28055555555555556 0.0171875 0.041666666666666664
0 0.185546875 0.40902777777777777 0.02265625 0.10694444444444444
1 1.115625 0.3625 0.0203125 0.08333333333333333
1 0.355078125 0.3020833333333333 0.01640625 0.05416666666666667
1 1.220703125 0.3840277777777778 0.02421875 0.10416666666666667
1 0.270703125 0.3034722222222222 0.01953125 0.05694444444444444
1 0.694140625 0.5145833333333333 0.02578125 0.12361111111111112
1 0.313671875 0.3590277777777778 0.01640625 0.07083333333333333
1 1.118359375 0.3333333333333333 0.01953125 0.07222222222222222
1 1.14453125 0.36319444444444443 0.0171875 0.10416666666666667
0 0.726953125 0.5548611111111111 0.02421875 0.0763888888888889
1 0.355859375 0.325 0.01484375 0.05277777777777778