1 1.1546875 0.3729166666666667 0.028125 0.09027777777777778
1 1.116015625 0.36319444444444443 0.02109375 0.08194444444444444
0 0.748046875 0.5944444444444444 0.02421875 0.13333333333333333
1 0.349609375 0.3402777777777778 0.01796875 0.06944444444444445
1 0.262109375 0.36944444444444446 0.01796875 0.08888888888888889
1 0.2578125 0.32013888888888886 0.01875 0.0763888888888889
1 1.2234375 0.3784722222222222 0.028125 0.12083333333333333
1 0.70703125 0.5173611111111112 0.0265625 0.12083333333333333
0 0.20859375 0.3 0.01875 0.03611111111111111
1 0.351171875 0.3159722222222222 0.01640625 0.059722222222222225
0 0.180078125 0.42569444444444443 0.02265625 0.1125
1 0.314453125 0.35555555555555557 0.01484375 0.075
1 1.11875 0.3333333333333333 0.015625 0.075