0 0.148828125 0.28680555555555554 0.02578125 0.0625
1 1.115625 0.36319444444444443 0.0203125 0.07916666666666666
0 0.722265625 0.5923611111111111 0.02578125 0.13194444444444445
1 1.220703125 0.38333333333333336 0.02421875 0.10555555555555556
1 0.35546875 0.30486111111111114 0.0171875 0.06527777777777778
1 0.278515625 0.34305555555555556 0.01640625 0.07777777777777778
0 0.1828125 0.4 0.0203125 0.10555555555555556
1 0.68828125 0.5131944444444444 0.0203125 0.12083333333333333
1 1.11875 0.33194444444444443 0.0171875 0.075
1 0.273046875 0.30486111111111114 0.01953125 0.06527777777777778
1 0.311328125 0.3576388888888889 0.01640625 0.06805555555555555
1 1.142578125 0.3625 0.01796875 0.1