1 0.70703125 0.6076388888888888 0.04375 0.15694444444444444
1 0.2765625 0.29375 0.0203125 0.05416666666666667
0 0.115234375 0.28194444444444444 0.02578125 0.06944444444444445
1 0.6828125 0.5111111111111111 0.03125 0.1361111111111111
1 0.3609375 0.2902777777777778 0.01875 0.06111111111111111
1 1.116015625 0.3625 0.02109375 0.08333333333333333
1 1.2203125 0.3840277777777778 0.0234375 0.10416666666666667
1 0.289453125 0.33055555555555555 0.01953125 0.07222222222222222
0 0.18515625 0.38263888888888886 0.0203125 0.09305555555555556
1 0.312890625 0.35555555555555557 0.01640625 0.06388888888888888
1 1.11953125 0.33402777777777776 0.0171875 0.07361111111111111