1 0.356640625 0.30486111111111114 0.01796875 0.07083333333333333
1 1.116796875 0.36319444444444443 0.02109375 0.07916666666666666
0 0.137109375 0.28680555555555554 0.01640625 0.04861111111111111
1 1.220703125 0.38333333333333336 0.02421875 0.10555555555555556
1 0.272265625 0.2972222222222222 0.01953125 0.058333333333333334
0 0.717578125 0.6145833333333334 0.02578125 0.1125
1 0.2796875 0.34305555555555556 0.01875 0.07222222222222222
0 0.715625 0.5555555555555556 0.025 0.07777777777777778
1 0.31171875 0.35833333333333334 0.0171875 0.06944444444444445
1 0.687109375 0.5138888888888888 0.02109375 0.11944444444444445
0 0.184375 0.3958333333333333 0.021875 0.10555555555555556
1 1.11953125 0.33402777777777776 0.0171875 0.0763888888888889
1 1.141796875 0.3611111111111111 0.01796875 0.10277777777777777