0 0.743359375 0.6020833333333333 0.03203125 0.14027777777777778
1 1.15234375 0.3729166666666667 0.028125 0.0875
1 0.266796875 0.3645833333333333 0.01953125 0.07361111111111111
0 0.180078125 0.425 0.02734375 0.10833333333333334
1 1.116015625 0.3611111111111111 0.02109375 0.08333333333333333
1 0.3515625 0.31527777777777777 0.0171875 0.06111111111111111
1 0.262109375 0.30972222222222223 0.02265625 0.06111111111111111
1 0.702734375 0.5083333333333333 0.02890625 0.12777777777777777
1 0.314453125 0.35625 0.01484375 0.07361111111111111
0 0.18203125 0.2743055555555556 0.021875 0.05138888888888889
1 1.21953125 0.3854166666666667 0.0234375 0.10138888888888889
1 1.1328125 0.3659722222222222 0.0359375 0.08472222222222223
1 1.11875 0.33402777777777776 0.015625 0.0763888888888889
0 0.20390625 0.3055555555555556 0.0203125 0.044444444444444446
1 0.70078125 0.4583333333333333 0.015625 0.05277777777777778
0 0.7421875 0.5534722222222223 0.028125 0.0875