0 0.69140625 0.6305555555555555 0.028125 0.09722222222222222
0 0.08984375 0.2916666666666667 0.0171875 0.044444444444444446
1 1.116015625 0.3625 0.02109375 0.08055555555555556
1 0.280859375 0.28125 0.01640625 0.05138888888888889
1 0.299609375 0.30486111111111114 0.01953125 0.05138888888888889
1 0.36484375 0.28680555555555554 0.0171875 0.07083333333333333
1 1.220703125 0.3854166666666667 0.02265625 0.10138888888888889
0 0.191796875 0.36666666666666664 0.01953125 0.08611111111111111
1 1.11953125 0.3298611111111111 0.0171875 0.06805555555555555
0 0.691796875 0.5666666666666667 0.02578125 0.09166666666666666
1 0.31328125 0.35 0.015625 0.05555555555555555
1 1.13671875 0.3638888888888889 0.0203125 0.09444444444444444
1 0.67265625 0.5111111111111111 0.01875 0.11944444444444445
1 0.291796875 0.29444444444444445 0.02265625 0.05