1 1.0421875 0.4361111111111111 0.0359375 0.125
1 1.145703125 0.36736111111111114 0.02734375 0.10416666666666667
1 0.284375 0.3763888888888889 0.0203125 0.10277777777777777
1 0.886328125 0.35694444444444445 0.02109375 0.08055555555555556
1 1.21953125 0.38055555555555554 0.025 0.10555555555555556
1 0.409765625 0.38958333333333334 0.01953125 0.06805555555555555
1 0.838671875 0.3347222222222222 0.02109375 0.06944444444444445
1 1.115625 0.5416666666666666 0.025 0.08333333333333333
1 0.834375 0.3111111111111111 0.0171875 0.06666666666666667
1 1.128515625 0.5027777777777778 0.03359375 0.125
0 0.00859375 0.24791666666666667 0.0140625 0.07361111111111111