0 0.67734375 0.6138888888888889 0.0375 0.14166666666666666
1 0.289453125 0.27708333333333335 0.01484375 0.05416666666666667
1 0.3109375 0.29791666666666666 0.0203125 0.05416666666666667
1 1.116015625 0.3680555555555556 0.02109375 0.07222222222222222
1 1.119921875 0.33125 0.01796875 0.06805555555555555
1 0.313671875 0.35833333333333334 0.01484375 0.06666666666666667
0 0.051171875 0.29305555555555557 0.02109375 0.05277777777777778
1 1.21953125 0.3854166666666667 0.0234375 0.10416666666666667
0 0.19453125 0.35208333333333336 0.0171875 0.0875
1 1.139453125 0.3680555555555556 0.02109375 0.075
1 0.372265625 0.2798611111111111 0.01640625 0.05694444444444444
0 0.199609375 0.33402777777777776 0.01640625 0.06527777777777778