1 1.16875 0.3680555555555556 0.028125 0.10555555555555556
1 0.238671875 0.40625 0.02109375 0.09027777777777778
0 0.783984375 0.59375 0.02890625 0.1375
1 0.72421875 0.5097222222222222 0.0296875 0.125
1 1.11640625 0.36041666666666666 0.021875 0.0875
1 0.23046875 0.34444444444444444 0.0203125 0.06111111111111111
1 1.219140625 0.3854166666666667 0.02421875 0.10416666666666667
1 0.333984375 0.3638888888888889 0.02265625 0.09166666666666666
1 0.315234375 0.35208333333333336 0.01484375 0.07083333333333333
0 0.15625 0.46944444444444444 0.028125 0.12222222222222222
0 0.075 0.28402777777777777 0.0234375 0.04583333333333333