1 0.290234375 0.26805555555555555 0.01640625 0.06944444444444445
1 1.115234375 0.36944444444444446 0.01953125 0.06944444444444445
0 0.66484375 0.6118055555555556 0.028125 0.14027777777777778
1 1.1203125 0.33125 0.01875 0.06805555555555555
0 0.200390625 0.3486111111111111 0.02109375 0.09722222222222222
1 1.219921875 0.38333333333333336 0.02421875 0.10555555555555556
1 0.320703125 0.2972222222222222 0.02109375 0.058333333333333334
0 0.022265625 0.2916666666666667 0.02421875 0.05
1 1.13828125 0.3645833333333333 0.0171875 0.08472222222222223
1 0.312109375 0.35694444444444445 0.01484375 0.06944444444444445
1 0.37265625 0.2798611111111111 0.0140625 0.04027777777777778