1 0.821875 0.48541666666666666 0.03125 0.1375
1 1.14765625 0.3645833333333333 0.0265625 0.09861111111111111
0 0.95 0.5673611111111111 0.0328125 0.11805555555555555
1 1.115625 0.3576388888888889 0.01875 0.09027777777777778
1 1.2203125 0.38333333333333336 0.0234375 0.10277777777777777
1 0.335546875 0.3861111111111111 0.01953125 0.07222222222222222
1 0.580859375 0.30277777777777776 0.01796875 0.05
0 0.060546875 0.2534722222222222 0.01796875 0.06527777777777778
1 0.0484375 0.5298611111111111 0.0328125 0.12361111111111112
1 0.98515625 0.6055555555555555 0.0265625 0.08611111111111111
1 0.58203125 0.28055555555555556 0.0203125 0.044444444444444446