1 1.173828125 0.36736111111111114 0.03203125 0.10694444444444444
1 0.202734375 0.45694444444444443 0.03046875 0.10555555555555556
1 1.11640625 0.3541666666666667 0.025 0.1
1 0.828125 0.5930555555555556 0.0484375 0.1388888888888889
1 0.3109375 0.4111111111111111 0.0234375 0.1111111111111111
0 0.171484375 0.40069444444444446 0.01953125 0.09027777777777778
1 1.21875 0.3861111111111111 0.0234375 0.10277777777777777
1 0.74375 0.5104166666666666 0.0265625 0.12638888888888888
1 1.229296875 0.3736111111111111 0.03046875 0.11666666666666667
1 0.171484375 0.37083333333333335 0.01796875 0.058333333333333334
1 0.3203125 0.36527777777777776 0.01875 0.07222222222222222