0 0.9734375 0.5520833333333334 0.0328125 0.12916666666666668
1 1.14296875 0.36527777777777776 0.0328125 0.08888888888888889
1 0.85859375 0.47847222222222224 0.025 0.11805555555555555
0 0.637109375 0.2881944444444444 0.01640625 0.05694444444444444
1 0.651953125 0.3277777777777778 0.01640625 0.05277777777777778
1 1.21953125 0.38472222222222224 0.0234375 0.10277777777777777
1 0.64921875 0.30694444444444446 0.015625 0.04722222222222222
1 0.359375 0.38958333333333334 0.0171875 0.07361111111111111
1 1.128515625 0.3236111111111111 0.01484375 0.058333333333333334
1 1.130859375 0.36527777777777776 0.02109375 0.08055555555555556
0 0.037890625 0.25625 0.01796875 0.0763888888888889