0 0.678125 0.6138888888888889 0.0375 0.14444444444444443
1 0.288671875 0.27708333333333335 0.01484375 0.05416666666666667
1 0.309375 0.2972222222222222 0.0203125 0.05
1 1.116015625 0.3680555555555556 0.02109375 0.07222222222222222
0 0.052734375 0.29097222222222224 0.02109375 0.05694444444444444
1 1.119921875 0.33125 0.01796875 0.06805555555555555
1 0.3125 0.36041666666666666 0.015625 0.06805555555555555
1 1.21953125 0.3854166666666667 0.0234375 0.10416666666666667
0 0.194921875 0.3548611111111111 0.01796875 0.09027777777777778
1 0.37109375 0.27708333333333335 0.0171875 0.05694444444444444
1 1.139453125 0.3680555555555556 0.02109375 0.075
0 0.66015625 0.5388888888888889 0.01875 0.08333333333333333