0 1.025 0.5270833333333333 0.0328125 0.13194444444444445
1 0.96484375 0.45416666666666666 0.03125 0.11944444444444445
0 0.740625 0.325 0.01875 0.05277777777777778
1 1.144921875 0.36666666666666664 0.02734375 0.09722222222222222
1 0.80078125 0.3368055555555556 0.0203125 0.059722222222222225
1 0.396875 0.3277777777777778 0.0140625 0.044444444444444446
1 1.21953125 0.38263888888888886 0.0234375 0.10694444444444444
1 0.251171875 0.44583333333333336 0.03203125 0.11944444444444445
1 0.40625 0.3861111111111111 0.0203125 0.075
0 0.738671875 0.29444444444444445 0.01796875 0.05
0 0.026953125 0.25277777777777777 0.01796875 0.06666666666666667
1 0.805859375 0.3548611111111111 0.01953125 0.0763888888888889