1 1.050390625 0.51875 0.03671875 0.13194444444444445
1 1.145703125 0.36666666666666664 0.02578125 0.10277777777777777
1 0.98828125 0.4513888888888889 0.0375 0.1111111111111111
1 0.40859375 0.38819444444444445 0.0203125 0.07916666666666666
1 0.28203125 0.4263888888888889 0.0359375 0.10833333333333334
1 0.840234375 0.3590277777777778 0.02421875 0.08194444444444444
0 0.76640625 0.33055555555555555 0.0171875 0.058333333333333334
0 0.76484375 0.29791666666666666 0.015625 0.05138888888888889
1 1.220703125 0.38263888888888886 0.02421875 0.10694444444444444
1 0.31640625 0.5034722222222222 0.0359375 0.05416666666666667
0 0.023046875 0.2513888888888889 0.01484375 0.058333333333333334