1 1.144921875 0.37083333333333335 0.02734375 0.1
1 0.936328125 0.36944444444444446 0.02265625 0.08055555555555556
1 0.221875 0.3111111111111111 0.01875 0.058333333333333334
1 1.220703125 0.3819444444444444 0.02421875 0.10555555555555556
0 0.01484375 0.3138888888888889 0.028125 0.06111111111111111
1 0.910546875 0.31875 0.02109375 0.06805555555555555
0 1.188671875 0.47847222222222224 0.03046875 0.11527777777777778
1 1.118359375 0.4236111111111111 0.02734375 0.11944444444444445
0 0.15078125 0.4618055555555556 0.0484375 0.07361111111111111
1 0.24921875 0.4236111111111111 0.028125 0.07222222222222222
1 0.920703125 0.34930555555555554 0.02734375 0.0625