0 0.133203125 0.28888888888888886 0.01640625 0.04722222222222222
1 0.28125 0.3458333333333333 0.0203125 0.06944444444444445
1 1.116796875 0.36319444444444443 0.02109375 0.08194444444444444
0 0.714453125 0.6131944444444445 0.03203125 0.12083333333333333
1 1.220703125 0.3840277777777778 0.02421875 0.10416666666666667
1 0.2734375 0.29305555555555557 0.0203125 0.05555555555555555
1 0.3109375 0.3590277777777778 0.01875 0.06527777777777778
1 0.687109375 0.5131944444444444 0.02265625 0.12083333333333333
1 0.35703125 0.29583333333333334 0.015625 0.05555555555555555
0 0.18515625 0.39791666666666664 0.0234375 0.10694444444444444
0 0.7140625 0.5541666666666667 0.0265625 0.075
1 1.11953125 0.33402777777777776 0.0171875 0.0763888888888889
1 0.308984375 0.31319444444444444 0.02265625 0.05138888888888889
1 0.27890625 0.32013888888888886 0.0203125 0.06527777777777778