1 1.14921875 0.3638888888888889 0.0265625 0.1
1 0.815625 0.4861111111111111 0.028125 0.13333333333333333
1 0.964453125 0.6041666666666666 0.03046875 0.09722222222222222
1 1.114453125 0.35347222222222224 0.01953125 0.10138888888888889
1 1.220703125 0.3840277777777778 0.02265625 0.10416666666666667
0 0.567578125 0.27569444444444446 0.01953125 0.05416666666666667
0 0.063671875 0.2798611111111111 0.01640625 0.034722222222222224
1 0.06171875 0.54375 0.04375 0.1125
0 0.565625 0.30069444444444443 0.01875 0.05416666666666667
1 0.3328125 0.3840277777777778 0.01875 0.07083333333333333
1 0.940234375 0.5319444444444444 0.02265625 0.08888888888888889
1 0.9375 0.5826388888888889 0.0234375 0.09583333333333334