1 0.751953125 0.5979166666666667 0.03203125 0.1375
1 0.259765625 0.3763888888888889 0.02109375 0.08055555555555556
1 1.11640625 0.3645833333333333 0.0203125 0.07916666666666666
1 1.15625 0.36944444444444446 0.0265625 0.09166666666666666
1 1.22265625 0.3784722222222222 0.028125 0.12083333333333333
1 0.348828125 0.34305555555555556 0.01796875 0.075
1 0.70625 0.5104166666666666 0.0265625 0.11805555555555555
1 0.34921875 0.31527777777777777 0.015625 0.058333333333333334
1 1.119140625 0.33194444444444443 0.01484375 0.07222222222222222
0 0.176953125 0.42916666666666664 0.02109375 0.1111111111111111
0 0.193359375 0.25277777777777777 0.01640625 0.04722222222222222
1 0.3140625 0.3576388888888889 0.0140625 0.0763888888888889
0 0.006640625 0.29305555555555557 0.01171875 0.041666666666666664
1 0.71015625 0.4736111111111111 0.021875 0.09166666666666666
1 0.256640625 0.3284722222222222 0.02109375 0.08194444444444444
0 0.204296875 0.29305555555555557 0.01328125 0.041666666666666664