0 0.9640625 0.55625 0.0296875 0.13472222222222222
1 0.025 0.5270833333333333 0.0453125 0.11527777777777778
1 1.148046875 0.36527777777777776 0.03203125 0.09166666666666666
1 1.123046875 0.3590277777777778 0.02265625 0.09027777777777778
1 0.8421875 0.48125 0.028125 0.13472222222222222
1 0.616015625 0.2916666666666667 0.01640625 0.04722222222222222
1 0.6171875 0.31527777777777777 0.0171875 0.05
0 0.0421875 0.25833333333333336 0.0203125 0.06388888888888888
1 1.21953125 0.38472222222222224 0.0234375 0.10555555555555556
0 1.121875 0.3284722222222222 0.015625 0.06805555555555555
1 0.3484375 0.3888888888888889 0.0203125 0.06388888888888888
1 0.3421875 0.3236111111111111 0.015625 0.03611111111111111