0 1.165625 0.4951388888888889 0.03125 0.1125
1 0.934765625 0.36944444444444446 0.02578125 0.08055555555555556
1 0.8890625 0.33541666666666664 0.0234375 0.07361111111111111
1 1.1453125 0.3680555555555556 0.0265625 0.1
1 1.220703125 0.38125 0.02421875 0.10694444444444444
1 0.27578125 0.32708333333333334 0.0203125 0.06527777777777778
1 0.363671875 0.40625 0.01796875 0.07083333333333333
1 0.88671875 0.30625 0.0140625 0.05138888888888889
1 1.09140625 0.4270833333333333 0.01875 0.12638888888888888
1 0.0984375 0.45416666666666666 0.0296875 0.125
1 0.126171875 0.4388888888888889 0.03984375 0.09166666666666666