1 0.927734375 0.36736111111111114 0.02734375 0.08194444444444444
0 1.157421875 0.4951388888888889 0.03046875 0.12083333333333333
1 0.873828125 0.33194444444444443 0.02578125 0.075
1 1.145703125 0.36875 0.02578125 0.10138888888888889
1 1.06953125 0.4270833333333333 0.025 0.12361111111111112
1 1.2203125 0.38263888888888886 0.025 0.10694444444444444
1 0.298828125 0.34652777777777777 0.02734375 0.08472222222222223
1 0.077734375 0.48541666666666666 0.04453125 0.11527777777777778
1 0.05078125 0.49444444444444446 0.0375 0.10555555555555556
1 0.031640625 0.5520833333333334 0.05546875 0.11527777777777778
0 0.10703125 0.5680555555555555 0.0265625 0.06666666666666667