1 0.7 0.6145833333333334 0.040625 0.1375
1 0.278515625 0.28402777777777777 0.01796875 0.05694444444444444
0 0.097265625 0.29444444444444445 0.01953125 0.05
1 1.116015625 0.36319444444444443 0.02109375 0.08194444444444444
1 0.296875 0.32916666666666666 0.01875 0.06666666666666667
1 0.676171875 0.5125 0.02890625 0.13055555555555556
1 1.2203125 0.3840277777777778 0.0234375 0.10416666666666667
1 0.36328125 0.29444444444444445 0.0171875 0.06944444444444445
1 0.314453125 0.3527777777777778 0.01484375 0.058333333333333334
1 0.303125 0.3090277777777778 0.0203125 0.04583333333333333
1 1.11953125 0.33125 0.0171875 0.07083333333333333
0 0.187890625 0.38125 0.01796875 0.09027777777777778
1 1.13984375 0.3645833333333333 0.0203125 0.08472222222222223