0 0.676953125 0.6131944444444445 0.03828125 0.1486111111111111
1 0.312109375 0.2972222222222222 0.02109375 0.05555555555555555
1 0.28984375 0.27847222222222223 0.015625 0.05694444444444444
1 1.11484375 0.36875 0.0203125 0.07083333333333333
1 1.119921875 0.33125 0.01796875 0.06805555555555555
1 0.313671875 0.3576388888888889 0.01484375 0.06527777777777778
0 0.05 0.29444444444444445 0.0234375 0.05
1 0.371875 0.28125 0.0171875 0.05416666666666667
1 1.219921875 0.3854166666666667 0.02421875 0.10416666666666667
0 0.195703125 0.35347222222222224 0.01796875 0.09027777777777778
1 1.139453125 0.36666666666666664 0.02109375 0.075
0 0.66015625 0.5388888888888889 0.021875 0.08333333333333333