1 0.705859375 0.6083333333333333 0.03984375 0.1388888888888889
1 0.2765625 0.29375 0.0203125 0.05416666666666667
1 0.68359375 0.5111111111111111 0.03125 0.1388888888888889
0 0.115625 0.27847222222222223 0.0234375 0.06527777777777778
1 0.3625 0.2965277777777778 0.01875 0.0625
1 1.116015625 0.3611111111111111 0.02109375 0.08333333333333333
1 1.2203125 0.3840277777777778 0.0234375 0.10416666666666667
1 0.288671875 0.3277777777777778 0.01953125 0.06944444444444445
0 0.18515625 0.3819444444444444 0.0203125 0.09444444444444444
1 0.312109375 0.35694444444444445 0.01640625 0.06388888888888888
1 1.1203125 0.3375 0.01875 0.075
1 0.297265625 0.31875 0.02578125 0.05694444444444444
1 0.308203125 0.3138888888888889 0.02109375 0.05
1 1.138671875 0.36319444444444443 0.01953125 0.09861111111111111