0 0.66796875 0.6125 0.028125 0.14166666666666666
0 0.2 0.3527777777777778 0.0234375 0.1
1 0.291796875 0.2722222222222222 0.01640625 0.06944444444444445
1 1.115234375 0.36944444444444446 0.01953125 0.07222222222222222
0 0.03203125 0.2902777777777778 0.034375 0.06111111111111111
1 0.31875 0.29930555555555555 0.021875 0.05694444444444444
1 1.11953125 0.3326388888888889 0.01875 0.06805555555555555
1 1.219921875 0.38333333333333336 0.02421875 0.10555555555555556
1 0.31171875 0.35833333333333334 0.015625 0.06944444444444445
1 1.137890625 0.36527777777777776 0.01796875 0.08611111111111111
1 0.37265625 0.28194444444444444 0.015625 0.04722222222222222