1 0.290625 0.2798611111111111 0.015625 0.05694444444444444
0 0.674609375 0.6138888888888889 0.03828125 0.14444444444444443
1 0.31328125 0.2972222222222222 0.0234375 0.05277777777777778
1 0.31328125 0.3597222222222222 0.015625 0.06666666666666667
1 1.11484375 0.36875 0.0203125 0.07083333333333333
1 1.119921875 0.33125 0.01796875 0.06805555555555555
1 0.371875 0.28055555555555556 0.01875 0.05555555555555555
1 1.219921875 0.3854166666666667 0.02421875 0.10416666666666667
0 0.19453125 0.35555555555555557 0.01875 0.08888888888888889
0 0.046875 0.28888888888888886 0.025 0.06111111111111111
1 1.138671875 0.3659722222222222 0.02109375 0.0763888888888889
0 0.66484375 0.5354166666666667 0.0265625 0.09583333333333334
0 0.204296875 0.31527777777777777 0.01953125 0.06111111111111111