1 0.31171875 0.35833333333333334 0.0171875 0.06944444444444445
0 0.670703125 0.6104166666666667 0.03046875 0.1486111111111111
1 0.317578125 0.3 0.02265625 0.05555555555555555
1 0.290625 0.27708333333333335 0.015625 0.06527777777777778
1 1.115234375 0.3701388888888889 0.01953125 0.07083333333333333
1 1.11953125 0.33125 0.01875 0.06805555555555555
0 0.037890625 0.2847222222222222 0.03359375 0.08611111111111111
0 0.1984375 0.3548611111111111 0.021875 0.09583333333333334
1 1.219921875 0.3854166666666667 0.02421875 0.10416666666666667
1 1.138671875 0.36736111111111114 0.02109375 0.0763888888888889
1 0.371484375 0.2881944444444444 0.01484375 0.04583333333333333