1 0.24453125 0.39305555555555555 0.0265625 0.08333333333333333
1 0.24140625 0.3347222222222222 0.021875 0.06111111111111111
1 0.77265625 0.5965277777777778 0.0390625 0.1486111111111111
1 0.719921875 0.5083333333333333 0.03359375 0.125
0 0.168359375 0.46319444444444446 0.02890625 0.12638888888888888
1 1.116796875 0.3645833333333333 0.02109375 0.07916666666666666
1 0.3375 0.36180555555555555 0.0234375 0.0875
1 1.219140625 0.38472222222222224 0.02421875 0.10277777777777777
1 1.1640625 0.375 0.0265625 0.10277777777777777
0 0.045703125 0.27569444444444446 0.02265625 0.059722222222222225
1 1.117578125 0.33055555555555555 0.01640625 0.06944444444444445
0 0.05859375 0.30416666666666664 0.021875 0.044444444444444446
0 0.0515625 0.29305555555555557 0.0234375 0.05277777777777778