1 1.14453125 0.36875 0.025 0.09583333333333334
1 0.83203125 0.3638888888888889 0.0265625 0.06944444444444445
1 0.98046875 0.4548611111111111 0.028125 0.10972222222222222
0 1.0421875 0.5180555555555556 0.03125 0.11666666666666667
1 0.408984375 0.38958333333333334 0.01953125 0.07083333333333333
0 0.75703125 0.2965277777777778 0.0171875 0.05138888888888889
1 1.2203125 0.3819444444444444 0.0234375 0.10555555555555556
1 0.276171875 0.4361111111111111 0.03359375 0.11388888888888889
0 0.759765625 0.32222222222222224 0.01953125 0.06944444444444445
1 0.827734375 0.34097222222222223 0.02109375 0.0625
1 0.283984375 0.4722222222222222 0.01953125 0.05555555555555555