0 1.17421875 0.4965277777777778 0.028125 0.10694444444444444
1 0.935546875 0.3680555555555556 0.02578125 0.08333333333333333
1 1.145703125 0.3701388888888889 0.02734375 0.09861111111111111
1 1.112890625 0.42430555555555555 0.02734375 0.1125
1 0.898046875 0.3388888888888889 0.01953125 0.06944444444444445
1 1.220703125 0.38055555555555554 0.02421875 0.10555555555555556
1 0.23828125 0.3145833333333333 0.0171875 0.06527777777777778
1 0.9 0.31180555555555556 0.0171875 0.059722222222222225
1 0.3203125 0.4166666666666667 0.0171875 0.075
1 1.0796875 0.5361111111111111 0.0203125 0.07777777777777778
0 0.155078125 0.44930555555555557 0.04765625 0.12638888888888888