1 1.15078125 0.37083333333333335 0.028125 0.09166666666666666
0 0.740234375 0.6041666666666666 0.03828125 0.1361111111111111
1 0.269140625 0.3625 0.01953125 0.07777777777777778
1 0.2625 0.3104166666666667 0.021875 0.05416666666666667
1 1.116015625 0.3611111111111111 0.02109375 0.08333333333333333
0 0.17265625 0.27152777777777776 0.01875 0.04861111111111111
1 0.353515625 0.31527777777777777 0.01796875 0.06388888888888888
1 0.31328125 0.35555555555555557 0.015625 0.07222222222222222
1 0.69921875 0.5090277777777777 0.0265625 0.1375
0 0.18125 0.41041666666666665 0.021875 0.10694444444444444
1 1.21953125 0.3854166666666667 0.0234375 0.10138888888888889
0 0.200390625 0.30833333333333335 0.01953125 0.05
1 1.119140625 0.3333333333333333 0.01640625 0.075