1 1.145703125 0.3638888888888889 0.02578125 0.10833333333333334
0 1.153125 0.49444444444444446 0.0328125 0.11666666666666667
1 1.065234375 0.43333333333333335 0.03046875 0.11388888888888889
1 1.219921875 0.3819444444444444 0.02578125 0.10555555555555556
1 0.29453125 0.34791666666666665 0.0234375 0.0875
1 0.862109375 0.3326388888888889 0.01796875 0.07916666666666666
1 0.919921875 0.36319444444444443 0.02265625 0.0875
0 0.0609375 0.5013888888888889 0.0375 0.11944444444444445
1 0.861328125 0.30486111111111114 0.01484375 0.05416666666666667
1 0.4015625 0.3951388888888889 0.015625 0.07361111111111111
0 0.00625 0.24513888888888888 0.0109375 0.0625