0 1.02734375 0.5270833333333333 0.034375 0.12916666666666668
1 0.967578125 0.4548611111111111 0.03046875 0.11805555555555555
1 0.80859375 0.34930555555555554 0.0296875 0.08472222222222223
1 1.145703125 0.3659722222222222 0.02734375 0.09861111111111111
1 0.743359375 0.3229166666666667 0.01953125 0.05416666666666667
1 1.21953125 0.38263888888888886 0.0234375 0.10694444444444444
1 0.39765625 0.3277777777777778 0.0140625 0.044444444444444446
1 0.25546875 0.44027777777777777 0.028125 0.12222222222222222
1 0.40625 0.38819444444444445 0.0203125 0.07361111111111111
0 0.0265625 0.25277777777777777 0.0171875 0.06666666666666667
1 0.741015625 0.29375 0.01640625 0.05138888888888889