1 0.934375 0.36944444444444446 0.025 0.08055555555555556
1 0.288671875 0.3388888888888889 0.02265625 0.075
1 1.146484375 0.3680555555555556 0.02578125 0.1
0 1.163671875 0.49375 0.02890625 0.12361111111111112
1 0.883984375 0.33055555555555555 0.01796875 0.08055555555555556
1 1.2203125 0.38125 0.025 0.10694444444444444
1 0.376171875 0.4013888888888889 0.02109375 0.07777777777777778
1 1.087109375 0.42986111111111114 0.02421875 0.12916666666666668
1 0.28515625 0.31180555555555556 0.0171875 0.05138888888888889
0 0.10703125 0.46041666666666664 0.0265625 0.09305555555555556
1 0.88359375 0.30486111111111114 0.0140625 0.05138888888888889