0 0.74140625 0.6027777777777777 0.0359375 0.1361111111111111
1 0.26796875 0.3625 0.01875 0.07222222222222222
1 1.1515625 0.37083333333333335 0.028125 0.09166666666666666
1 0.262109375 0.3111111111111111 0.02265625 0.058333333333333334
1 1.115625 0.36041666666666666 0.021875 0.0875
1 0.31328125 0.35625 0.015625 0.07083333333333333
1 0.351953125 0.30972222222222223 0.01796875 0.05277777777777778
1 0.35234375 0.3333333333333333 0.0171875 0.058333333333333334
1 1.21953125 0.38472222222222224 0.0234375 0.10277777777777777
1 0.69921875 0.5076388888888889 0.0265625 0.12638888888888888
0 0.18125 0.4201388888888889 0.021875 0.1125
0 0.200390625 0.3090277777777778 0.01953125 0.04861111111111111