1 1.16875 0.36736111111111114 0.028125 0.10694444444444444
0 0.786328125 0.5951388888888889 0.02890625 0.13472222222222222
1 1.117578125 0.3597222222222222 0.02265625 0.08888888888888889
1 0.333203125 0.3625 0.02734375 0.08611111111111111
0 0.15546875 0.4756944444444444 0.0328125 0.12638888888888888
1 0.23671875 0.4048611111111111 0.0203125 0.0875
1 0.226953125 0.3368055555555556 0.01796875 0.05694444444444444
1 0.725 0.5159722222222223 0.0265625 0.1125
1 1.223046875 0.3784722222222222 0.02734375 0.11805555555555555
0 0.0796875 0.27152777777777776 0.01875 0.05138888888888889
1 0.31640625 0.35347222222222224 0.015625 0.07083333333333333