0 0.967578125 0.5534722222222223 0.03359375 0.12916666666666668
1 1.146875 0.36666666666666664 0.0328125 0.08888888888888889
1 0.850390625 0.48680555555555555 0.03203125 0.12361111111111112
1 0.025 0.5263888888888889 0.0421875 0.1111111111111111
1 0.625390625 0.31527777777777777 0.01796875 0.05
1 0.62265625 0.2902777777777778 0.0171875 0.04722222222222222
1 1.125390625 0.3611111111111111 0.02265625 0.08333333333333333
1 1.21953125 0.38472222222222224 0.0234375 0.10277777777777777
1 1.123828125 0.3263888888888889 0.01640625 0.06388888888888888
0 0.040625 0.2611111111111111 0.01875 0.06111111111111111
1 0.998046875 1.395138888888889 0.07734375 0.15138888888888888