1 0.75546875 0.6013888888888889 0.0375 0.13055555555555556
1 0.257421875 0.3763888888888889 0.02265625 0.08333333333333333
1 1.11640625 0.3645833333333333 0.0203125 0.0763888888888889
0 0.010546875 0.29305555555555557 0.01953125 0.05277777777777778
1 1.1578125 0.3715277777777778 0.0234375 0.09305555555555556
1 1.219921875 0.38472222222222224 0.02421875 0.10277777777777777
0 0.17734375 0.4375 0.025 0.11388888888888889
1 0.348828125 0.3277777777777778 0.01640625 0.06388888888888888
1 0.711328125 0.49930555555555556 0.02265625 0.11805555555555555
1 1.11875 0.3326388888888889 0.015625 0.07083333333333333
1 0.314453125 0.35694444444444445 0.01328125 0.07777777777777778