1 0.241015625 0.40555555555555556 0.02421875 0.09444444444444444
0 0.78046875 0.5951388888888889 0.0296875 0.13194444444444445
1 1.16875 0.37083333333333335 0.0296875 0.1
1 0.724609375 0.5083333333333333 0.03046875 0.12777777777777777
1 1.11640625 0.3597222222222222 0.021875 0.08611111111111111
1 0.33359375 0.3659722222222222 0.0234375 0.0875
1 0.231640625 0.3451388888888889 0.01953125 0.059722222222222225
1 1.21875 0.3854166666666667 0.025 0.10416666666666667
0 0.16015625 0.4652777777777778 0.028125 0.11944444444444445
1 0.315234375 0.35138888888888886 0.01484375 0.075
0 0.06953125 0.2777777777777778 0.01875 0.03888888888888889
1 0.33515625 0.3402777777777778 0.01875 0.05555555555555555