1 0.701171875 0.6111111111111112 0.04296875 0.14444444444444443
1 0.277734375 0.2833333333333333 0.01953125 0.058333333333333334
0 0.098046875 0.29097222222222224 0.01796875 0.04861111111111111
1 0.3625 0.29444444444444445 0.0171875 0.06944444444444445
1 0.678515625 0.5125 0.03359375 0.13333333333333333
1 1.116015625 0.36319444444444443 0.02109375 0.08194444444444444
1 0.295703125 0.3277777777777778 0.01953125 0.06388888888888888
1 1.22109375 0.3840277777777778 0.0234375 0.10416666666666667
1 0.31328125 0.3548611111111111 0.015625 0.05694444444444444
1 0.303515625 0.3104166666666667 0.02109375 0.04583333333333333
0 0.187890625 0.38055555555555554 0.01953125 0.09444444444444444
1 1.11953125 0.33125 0.0171875 0.07083333333333333
1 1.140234375 0.3659722222222222 0.02109375 0.08472222222222223