1 1.05234375 0.5166666666666667 0.0375 0.13333333333333333
1 0.989453125 0.45208333333333334 0.03671875 0.1125
1 1.1453125 0.36666666666666664 0.0265625 0.10277777777777777
1 0.842578125 0.3625 0.02734375 0.07777777777777778
1 0.28203125 0.4270833333333333 0.0375 0.1125
1 0.4078125 0.3861111111111111 0.01875 0.08055555555555556
0 0.76796875 0.33055555555555555 0.0171875 0.05555555555555555
1 1.220703125 0.38263888888888886 0.02421875 0.10694444444444444
0 0.7671875 0.29791666666666666 0.015625 0.05138888888888889
1 0.319140625 0.5020833333333333 0.03359375 0.05138888888888889
0 0.022265625 0.2513888888888889 0.01484375 0.058333333333333334