0 0.147265625 0.2881944444444444 0.02421875 0.059722222222222225
1 1.115625 0.3645833333333333 0.0203125 0.07916666666666666
1 0.35625 0.3055555555555556 0.0171875 0.06388888888888888
1 1.220703125 0.38333333333333336 0.02421875 0.10555555555555556
0 0.719140625 0.6118055555555556 0.02421875 0.12083333333333333
1 0.279296875 0.3451388888888889 0.01796875 0.07361111111111111
1 0.2734375 0.3055555555555556 0.0203125 0.06666666666666667
0 0.184375 0.3972222222222222 0.021875 0.10555555555555556
1 0.690234375 0.5166666666666667 0.01953125 0.11388888888888889
1 0.31171875 0.3590277777777778 0.015625 0.06805555555555555
1 1.11875 0.33194444444444443 0.0171875 0.075
0 0.71796875 0.5583333333333333 0.025 0.08333333333333333
1 1.142578125 0.36319444444444443 0.01796875 0.09861111111111111