0 0.988671875 0.5395833333333333 0.03671875 0.13472222222222222
1 1.14140625 0.3770833333333333 0.028125 0.0763888888888889
1 0.898828125 0.46458333333333335 0.03671875 0.12638888888888888
1 0.70859375 0.32916666666666666 0.021875 0.075
0 0.672265625 0.2902777777777778 0.01796875 0.058333333333333334
1 1.219921875 0.38333333333333336 0.02421875 0.10277777777777777
1 0.13359375 0.4847222222222222 0.040625 0.15555555555555556
1 0.70078125 0.3076388888888889 0.0171875 0.05138888888888889
0 0.676171875 0.30833333333333335 0.02265625 0.06111111111111111
0 0.03203125 0.25625 0.0171875 0.07083333333333333
1 0.37890625 0.38819444444444445 0.0171875 0.0763888888888889