1 0.9859375 0.45208333333333334 0.0375 0.11805555555555555
1 1.0484375 0.51875 0.0375 0.13194444444444445
1 1.145703125 0.36736111111111114 0.02578125 0.10138888888888889
1 0.40859375 0.38819444444444445 0.0203125 0.07361111111111111
0 0.764453125 0.30069444444444443 0.01640625 0.05416666666666667
1 0.281640625 0.43125 0.03828125 0.11527777777777778
1 0.83828125 0.36875 0.021875 0.07083333333333333
1 1.220703125 0.38263888888888886 0.02421875 0.10694444444444444
0 0.766015625 0.325 0.01640625 0.06388888888888888
1 0.830078125 0.3375 0.01640625 0.06111111111111111
1 0.316796875 0.5041666666666667 0.03671875 0.05277777777777778
0 0.023046875 0.2513888888888889 0.01484375 0.058333333333333334