1 0.934765625 0.3680555555555556 0.02421875 0.08333333333333333
1 1.1453125 0.37222222222222223 0.0265625 0.09722222222222222
1 1.220703125 0.38125 0.02421875 0.10416666666666667
1 0.905078125 0.34375 0.01953125 0.06805555555555555
1 1.178515625 0.4888888888888889 0.02734375 0.11944444444444445
1 1.1171875 0.42777777777777776 0.025 0.10833333333333334
1 0.227734375 0.31527777777777777 0.02109375 0.058333333333333334
1 0.903125 0.31666666666666665 0.0171875 0.06666666666666667
0 0.15546875 0.4548611111111111 0.0453125 0.09861111111111111
0 0.0046875 0.3055555555555556 0.009375 0.06388888888888888
1 0.29375 0.41875 0.0171875 0.0763888888888889