1 0.8234375 0.35208333333333336 0.0390625 0.08194444444444444
0 1.035546875 0.5152777777777777 0.03671875 0.125
1 1.1453125 0.36527777777777776 0.0265625 0.1
1 0.398046875 0.33125 0.01796875 0.043055555555555555
1 0.97265625 0.4583333333333333 0.0234375 0.1
1 0.2640625 0.4340277777777778 0.0328125 0.11527777777777778
0 0.749609375 0.2923611111111111 0.02109375 0.05694444444444444
1 1.2203125 0.3819444444444444 0.0234375 0.10555555555555556
0 0.7515625 0.31527777777777777 0.0265625 0.07222222222222222
1 0.407421875 0.38958333333333334 0.01796875 0.07083333333333333
0 0.026171875 0.2548611111111111 0.01484375 0.059722222222222225