1 1.115234375 0.3638888888888889 0.02109375 0.07777777777777778
0 0.077734375 0.2902777777777778 0.03203125 0.06666666666666667
1 0.314453125 0.35833333333333334 0.01640625 0.06388888888888888
1 0.287109375 0.2902777777777778 0.01640625 0.05
1 0.366796875 0.2861111111111111 0.01640625 0.06944444444444445
1 1.220703125 0.3854166666666667 0.02265625 0.10416666666666667
1 0.304296875 0.3076388888888889 0.01796875 0.05694444444444444
0 0.193359375 0.37083333333333335 0.01796875 0.08888888888888889
0 0.684765625 0.6111111111111112 0.02578125 0.13055555555555556
1 1.11875 0.33055555555555555 0.0171875 0.06944444444444445
1 1.139453125 0.36666666666666664 0.02109375 0.07777777777777778
1 0.29609375 0.3020833333333333 0.0203125 0.05416666666666667
0 0.20859375 0.30972222222222223 0.0171875 0.058333333333333334