0 0.97109375 0.5541666666666667 0.0328125 0.13055555555555556
1 1.143359375 0.36736111111111114 0.03203125 0.0875
1 0.642578125 0.3173611111111111 0.02109375 0.05694444444444444
1 0.856640625 0.47847222222222224 0.02734375 0.12638888888888888
1 0.63125 0.2881944444444444 0.01875 0.04583333333333333
1 1.219921875 0.3854166666666667 0.02421875 0.10416666666666667
1 1.12734375 0.32708333333333334 0.015625 0.0625
1 0.35703125 0.3888888888888889 0.01875 0.06666666666666667
0 0.03984375 0.2590277777777778 0.01875 0.06805555555555555
1 1.130078125 0.36527777777777776 0.02421875 0.08055555555555556
1 0.028515625 0.5215277777777778 0.04609375 0.12083333333333333