1 0.276953125 0.29375 0.02109375 0.05416666666666667
0 0.119140625 0.28541666666666665 0.02421875 0.05694444444444444
1 0.362109375 0.2972222222222222 0.01796875 0.06111111111111111
1 0.707421875 0.6118055555555556 0.03828125 0.12916666666666668
1 0.68359375 0.5111111111111111 0.0296875 0.1388888888888889
1 1.11640625 0.3611111111111111 0.021875 0.08333333333333333
1 1.2203125 0.3840277777777778 0.0234375 0.10416666666666667
1 0.288671875 0.3284722222222222 0.01953125 0.06805555555555555
0 0.184375 0.3840277777777778 0.01875 0.09027777777777778
1 0.312890625 0.35833333333333334 0.01640625 0.06388888888888888
1 1.1203125 0.33611111111111114 0.01875 0.075
1 0.709765625 0.5611111111111111 0.02578125 0.09444444444444444
1 1.138671875 0.3625 0.01953125 0.1