0 0.995703125 0.5326388888888889 0.03671875 0.12916666666666668
1 1.143359375 0.37777777777777777 0.02578125 0.075
1 0.7359375 0.3333333333333333 0.0234375 0.07777777777777778
1 0.909375 0.46458333333333335 0.025 0.1125
0 0.6875 0.2916666666666667 0.01875 0.05277777777777778
1 1.21953125 0.38333333333333336 0.0234375 0.10277777777777777
0 0.68984375 0.31180555555555556 0.021875 0.059722222222222225
1 0.16484375 0.4736111111111111 0.028125 0.12777777777777777
1 0.728125 0.31180555555555556 0.015625 0.05416666666666667
1 0.390234375 0.39305555555555555 0.02109375 0.06666666666666667
1 1.11484375 0.5625 0.021875 0.08611111111111111