1 1.14453125 0.37083333333333335 0.0265625 0.09722222222222222
0 1.189453125 0.4951388888888889 0.03359375 0.10416666666666667
1 0.9359375 0.3715277777777778 0.0234375 0.07916666666666666
1 1.21953125 0.38055555555555554 0.0234375 0.10555555555555556
1 0.22109375 0.30972222222222223 0.0171875 0.06111111111111111
1 0.916796875 0.3388888888888889 0.02109375 0.075
1 1.116796875 0.4236111111111111 0.02734375 0.11388888888888889
0 0.014453125 0.31875 0.02578125 0.05138888888888889
0 0.1453125 0.4625 0.0375 0.06388888888888888
1 0.24453125 0.3625 0.0203125 0.05555555555555555
1 0.239453125 0.43125 0.02265625 0.07083333333333333