1 1.146484375 0.36736111111111114 0.02578125 0.10416666666666667
1 1.066015625 0.4263888888888889 0.02890625 0.125
0 1.15546875 0.4909722222222222 0.0328125 0.11527777777777778
1 0.92578125 0.3729166666666667 0.0265625 0.0763888888888889
1 0.86953125 0.33125 0.021875 0.08194444444444444
1 1.220703125 0.38263888888888886 0.02578125 0.10416666666666667
1 0.30078125 0.35833333333333334 0.0265625 0.08888888888888889
1 0.86484375 0.3034722222222222 0.0140625 0.05138888888888889
0 0.005859375 0.24722222222222223 0.01015625 0.06111111111111111
0 0.064453125 0.49375 0.03515625 0.12361111111111112
1 0.296484375 0.3326388888888889 0.01953125 0.06527777777777778