1 0.356640625 0.30694444444444446 0.01796875 0.06944444444444445
1 1.11640625 0.3638888888888889 0.0203125 0.07777777777777778
1 1.220703125 0.38333333333333336 0.02421875 0.10555555555555556
1 0.27890625 0.325 0.0203125 0.07777777777777778
0 0.140234375 0.28402777777777777 0.01953125 0.04861111111111111
0 0.71640625 0.5583333333333333 0.025 0.08055555555555556
0 0.718359375 0.6131944444444445 0.02578125 0.11527777777777778
1 0.6875 0.5145833333333333 0.0203125 0.11805555555555555
1 0.31171875 0.3590277777777778 0.0171875 0.07083333333333333
1 0.271484375 0.29930555555555555 0.01796875 0.05694444444444444
1 1.11953125 0.3333333333333333 0.0171875 0.075
0 0.184375 0.3958333333333333 0.021875 0.10555555555555556