0 1.150390625 0.49930555555555556 0.03046875 0.12083333333333333
1 1.06171875 0.43333333333333335 0.03125 0.11944444444444445
1 0.29296875 0.3611111111111111 0.0265625 0.09722222222222222
1 1.1453125 0.3638888888888889 0.0265625 0.10833333333333334
1 0.8578125 0.3298611111111111 0.0234375 0.09027777777777778
1 0.917578125 0.36319444444444443 0.02734375 0.09027777777777778
1 1.219921875 0.3819444444444444 0.02578125 0.10555555555555556
1 0.403125 0.39166666666666666 0.015625 0.075
0 0.00625 0.24375 0.0109375 0.06527777777777778
1 0.85703125 0.3055555555555556 0.015625 0.05555555555555555
0 0.00546875 0.2923611111111111 0.0109375 0.043055555555555555