0 1.153125 0.4965277777777778 0.0328125 0.11527777777777778
1 1.1453125 0.3645833333333333 0.0265625 0.10694444444444444
1 0.29375 0.34652777777777777 0.0234375 0.08194444444444444
1 1.0640625 0.43125 0.0296875 0.12083333333333333
1 1.219921875 0.3819444444444444 0.02578125 0.10555555555555556
1 0.91953125 0.3638888888888889 0.0234375 0.08888888888888889
1 0.862109375 0.33194444444444443 0.01796875 0.08055555555555556
1 0.860546875 0.30486111111111114 0.01484375 0.05416666666666667
1 0.40234375 0.3951388888888889 0.015625 0.07361111111111111
0 0.00703125 0.24513888888888888 0.0109375 0.06527777777777778
0 0.06171875 0.5013888888888889 0.034375 0.11944444444444445