1 0.250390625 0.3861111111111111 0.02265625 0.08888888888888889
1 0.766015625 0.5979166666666667 0.04140625 0.14583333333333334
1 0.246484375 0.3298611111111111 0.01953125 0.059722222222222225
1 1.11640625 0.36319444444444443 0.0203125 0.07916666666666666
1 0.715234375 0.5097222222222222 0.03046875 0.11944444444444445
0 0.021484375 0.29305555555555557 0.01640625 0.04722222222222222
1 0.34296875 0.34444444444444444 0.0203125 0.08611111111111111
1 1.21953125 0.3861111111111111 0.0234375 0.1
1 1.1609375 0.3784722222222222 0.01875 0.0875
1 0.314453125 0.3576388888888889 0.01484375 0.0763888888888889
0 0.17109375 0.44305555555555554 0.025 0.11388888888888889
0 0.212890625 0.2708333333333333 0.01640625 0.041666666666666664
0 0.216015625 0.28194444444444444 0.01328125 0.03888888888888889
1 1.117578125 0.33194444444444443 0.01796875 0.07222222222222222