1 1.145703125 0.37083333333333335 0.02734375 0.09444444444444444
0 1.200390625 0.49027777777777776 0.03515625 0.1111111111111111
0 1.22109375 0.38055555555555554 0.021875 0.10277777777777777
1 0.9359375 0.3680555555555556 0.0203125 0.08333333333333333
0 0.1515625 0.45625 0.034375 0.0763888888888889
1 0.22109375 0.3090277777777778 0.0171875 0.059722222222222225
1 0.93046875 0.31875 0.01875 0.059722222222222225
0 0.01484375 0.32013888888888886 0.025 0.04861111111111111
0 0.13125 0.4527777777777778 0.0234375 0.06944444444444445
1 1.11796875 0.42083333333333334 0.0203125 0.11388888888888889
0 0.0046875 0.27291666666666664 0.009375 0.04027777777777778