1 1.149609375 0.36666666666666664 0.02734375 0.1
0 0.738671875 0.6083333333333333 0.03828125 0.12222222222222222
1 0.26953125 0.3548611111111111 0.0171875 0.08194444444444444
1 0.353125 0.3173611111111111 0.01875 0.06527777777777778
1 1.116015625 0.36041666666666666 0.02109375 0.0875
1 1.219921875 0.38472222222222224 0.02421875 0.10277777777777777
1 0.6984375 0.5083333333333333 0.0296875 0.13333333333333333
0 0.182421875 0.41388888888888886 0.01953125 0.09444444444444444
0 0.169921875 0.27569444444444446 0.01640625 0.05694444444444444
1 0.31328125 0.3576388888888889 0.015625 0.0763888888888889
1 0.26328125 0.3 0.0203125 0.05
0 0.201953125 0.30972222222222223 0.01796875 0.04722222222222222