0 0.74375 0.6027777777777777 0.0296875 0.13333333333333333
1 0.265234375 0.3625 0.01953125 0.06944444444444445
1 0.26015625 0.31180555555555556 0.0234375 0.059722222222222225
1 1.153125 0.37222222222222223 0.028125 0.08888888888888889
1 1.116015625 0.36180555555555555 0.02109375 0.08472222222222223
0 0.183984375 0.2743055555555556 0.02109375 0.04861111111111111
0 0.18046875 0.42430555555555555 0.025 0.10694444444444444
1 0.314453125 0.35555555555555557 0.01484375 0.07222222222222222
1 0.351171875 0.31805555555555554 0.01796875 0.06388888888888888
1 0.703515625 0.5104166666666666 0.02734375 0.11527777777777778
0 0.2046875 0.3055555555555556 0.021875 0.041666666666666664
1 1.21953125 0.38472222222222224 0.0234375 0.10277777777777777
0 0.7453125 0.5520833333333334 0.0265625 0.0875
1 1.119140625 0.33402777777777776 0.01640625 0.0763888888888889