1 0.766796875 0.5965277777777778 0.04296875 0.15138888888888888
1 0.248828125 0.3888888888888889 0.02265625 0.08888888888888889
1 0.245703125 0.33125 0.02109375 0.0625
1 0.715234375 0.5118055555555555 0.03203125 0.12083333333333333
1 1.11640625 0.3625 0.0203125 0.08055555555555556
1 1.219921875 0.38680555555555557 0.02421875 0.09861111111111111
1 0.343359375 0.3472222222222222 0.01953125 0.08611111111111111
1 1.1609375 0.37083333333333335 0.0203125 0.09444444444444444
0 0.0203125 0.29375 0.015625 0.04583333333333333
0 0.171875 0.4423611111111111 0.025 0.10972222222222222
1 0.3140625 0.3576388888888889 0.015625 0.0763888888888889
1 1.1171875 0.3326388888888889 0.0171875 0.07083333333333333