1 1.14453125 0.37083333333333335 0.0265625 0.09722222222222222
0 1.18828125 0.49166666666666664 0.034375 0.10833333333333334
1 0.937109375 0.3715277777777778 0.02265625 0.07916666666666666
1 1.219921875 0.38055555555555554 0.02421875 0.10555555555555556
1 0.222265625 0.30972222222222223 0.01796875 0.06111111111111111
1 1.116796875 0.4236111111111111 0.02734375 0.11388888888888889
1 0.915625 0.3388888888888889 0.0203125 0.075
0 0.014453125 0.31805555555555554 0.02578125 0.05277777777777778
0 0.14609375 0.46458333333333335 0.034375 0.0625
1 0.245703125 0.3611111111111111 0.02109375 0.05555555555555555
1 0.239453125 0.42986111111111114 0.02265625 0.07083333333333333