1 1.1125 0.4236111111111111 0.0296875 0.11388888888888889
0 1.173828125 0.4965277777777778 0.02734375 0.10694444444444444
1 0.935546875 0.36875 0.02578125 0.08194444444444444
1 1.1453125 0.3680555555555556 0.028125 0.10277777777777777
1 0.896875 0.33958333333333335 0.0203125 0.07083333333333333
1 1.220703125 0.38055555555555554 0.02421875 0.10555555555555556
1 0.24296875 0.3138888888888889 0.0171875 0.06666666666666667
1 1.08203125 0.5368055555555555 0.0234375 0.07916666666666666
1 0.898828125 0.3138888888888889 0.01640625 0.06388888888888888
0 0.133203125 0.4423611111111111 0.02265625 0.09027777777777778
1 0.326953125 0.4083333333333333 0.02109375 0.08333333333333333
0 0.15546875 0.44722222222222224 0.0546875 0.13333333333333333