1 1.173828125 0.36736111111111114 0.03046875 0.10416666666666667
1 0.831640625 0.5881944444444445 0.04140625 0.1375
1 1.116796875 0.35555555555555557 0.02421875 0.09722222222222222
1 0.199609375 0.46319444444444446 0.03203125 0.11805555555555555
1 0.16171875 0.40069444444444446 0.025 0.09861111111111111
1 0.307421875 0.4222222222222222 0.02421875 0.10833333333333334
0 0.201953125 0.2923611111111111 0.01953125 0.04027777777777778
1 1.21875 0.3861111111111111 0.0234375 0.1
1 0.74609375 0.5055555555555555 0.025 0.13055555555555556
1 1.228515625 0.37430555555555556 0.03046875 0.11527777777777778
1 0.3171875 0.3625 0.0140625 0.075