1 1.112890625 0.42430555555555555 0.02890625 0.11527777777777778
1 1.1734375 0.4965277777777778 0.028125 0.10694444444444444
1 0.93515625 0.36875 0.025 0.08194444444444444
1 1.1453125 0.3680555555555556 0.028125 0.10277777777777777
1 0.896875 0.3388888888888889 0.0203125 0.06944444444444445
1 1.220703125 0.38055555555555554 0.02421875 0.10555555555555556
1 0.239453125 0.31805555555555554 0.01640625 0.06666666666666667
1 0.89921875 0.31180555555555556 0.015625 0.059722222222222225
1 1.082421875 0.5361111111111111 0.02265625 0.07777777777777778
1 0.323046875 0.4111111111111111 0.01796875 0.08055555555555556
0 0.155859375 0.4479166666666667 0.04921875 0.13194444444444445
1 0.24375 0.30486111111111114 0.015625 0.05138888888888889
0 0.1328125 0.44027777777777777 0.0203125 0.08888888888888889
1 0.007421875 0.27361111111111114 0.01171875 0.044444444444444446