1 0.934765625 0.36875 0.02578125 0.08472222222222223
1 0.894921875 0.3375 0.02421875 0.07222222222222222
1 1.14609375 0.36736111111111114 0.028125 0.10694444444444444
0 1.171875 0.49583333333333335 0.0265625 0.10555555555555556
1 1.110546875 0.4236111111111111 0.03671875 0.11666666666666667
1 1.2203125 0.38055555555555554 0.0234375 0.10555555555555556
1 0.251171875 0.32222222222222224 0.01640625 0.06388888888888888
1 0.337109375 0.40902777777777777 0.02109375 0.0763888888888889
0 0.14609375 0.42430555555555555 0.0265625 0.09583333333333334
0 0.137890625 0.4534722222222222 0.03359375 0.12638888888888888
1 1.083984375 0.5381944444444444 0.02265625 0.08194444444444444
1 0.254296875 0.30416666666666664 0.01640625 0.05555555555555555
1 0.89453125 0.31180555555555556 0.0171875 0.06527777777777778