1 0.276953125 0.2923611111111111 0.02265625 0.04861111111111111
1 0.684375 0.5111111111111111 0.0359375 0.1361111111111111
1 0.70703125 0.6138888888888889 0.0375 0.11666666666666667
1 0.360546875 0.2916666666666667 0.01796875 0.06111111111111111
1 1.11640625 0.36180555555555555 0.021875 0.08472222222222223
1 0.286328125 0.33958333333333335 0.01953125 0.0763888888888889
0 0.12109375 0.28194444444444444 0.021875 0.058333333333333334
1 1.2203125 0.3840277777777778 0.0234375 0.10416666666666667
1 0.312890625 0.3590277777777778 0.01796875 0.06527777777777778
0 0.183984375 0.3819444444444444 0.01953125 0.09444444444444444
1 1.11953125 0.3347222222222222 0.0171875 0.075
1 0.296484375 0.32013888888888886 0.02265625 0.05694444444444444
1 1.1390625 0.36319444444444443 0.01875 0.10138888888888889
1 1.12734375 0.36319444444444443 0.0296875 0.09305555555555556