0 0.164453125 0.28402777777777777 0.01796875 0.04861111111111111
1 0.27265625 0.35138888888888886 0.01875 0.075
1 1.116015625 0.3597222222222222 0.02109375 0.08611111111111111
1 1.14921875 0.36319444444444443 0.0234375 0.10416666666666667
1 0.354296875 0.30833333333333335 0.01796875 0.058333333333333334
0 0.73203125 0.6104166666666667 0.0328125 0.12083333333333333
1 0.698828125 0.5145833333333333 0.02734375 0.12638888888888888
0 0.183203125 0.4097222222222222 0.02265625 0.10277777777777777
1 1.219921875 0.38472222222222224 0.02421875 0.10277777777777777
1 0.26640625 0.2986111111111111 0.0203125 0.04722222222222222
1 0.31328125 0.35625 0.015625 0.07083333333333333
0 0.728125 0.5527777777777778 0.021875 0.07222222222222222