1 1.1453125 0.3729166666666667 0.0265625 0.09583333333333334
1 0.93515625 0.36944444444444446 0.0234375 0.08055555555555556
1 1.18125 0.4965277777777778 0.03125 0.10694444444444444
1 1.219921875 0.3819444444444444 0.02421875 0.10555555555555556
1 0.9078125 0.3416666666666667 0.0203125 0.06666666666666667
1 1.11640625 0.42777777777777776 0.025 0.10555555555555556
0 0.011328125 0.3145833333333333 0.02265625 0.06527777777777778
1 0.22265625 0.3173611111111111 0.015625 0.05416666666666667
0 0.15859375 0.4597222222222222 0.0421875 0.07777777777777778
1 0.906640625 0.3159722222222222 0.01640625 0.059722222222222225
1 1.185546875 0.46111111111111114 0.02578125 0.09722222222222222