1 0.79609375 0.3472222222222222 0.028125 0.08055555555555556
1 1.145703125 0.36666666666666664 0.02734375 0.09444444444444444
1 0.961328125 0.4548611111111111 0.03828125 0.1125
0 1.021484375 0.5180555555555556 0.02890625 0.10277777777777777
0 0.731640625 0.29305555555555557 0.01640625 0.05
1 1.21953125 0.3819444444444444 0.0234375 0.10555555555555556
0 0.733984375 0.3138888888888889 0.01640625 0.06666666666666667
1 0.24453125 0.4444444444444444 0.03125 0.11944444444444445
1 0.396875 0.32916666666666666 0.0140625 0.03888888888888889
1 0.4046875 0.38680555555555557 0.01875 0.07361111111111111
0 0.028125 0.2520833333333333 0.01875 0.07083333333333333
1 0.990625 1.3916666666666666 0.078125 0.1638888888888889