0 0.71015625 0.6076388888888888 0.034375 0.1375
1 0.285546875 0.34375 0.02109375 0.06805555555555555
1 0.276171875 0.2951388888888889 0.02109375 0.05416666666666667
0 0.12890625 0.2847222222222222 0.0171875 0.05
1 0.358984375 0.29583333333333334 0.01640625 0.06388888888888888
1 1.116796875 0.36319444444444443 0.02109375 0.08194444444444444
1 0.685546875 0.5138888888888888 0.02890625 0.125
1 1.2203125 0.3840277777777778 0.0234375 0.10416666666666667
0 0.184375 0.3888888888888889 0.021875 0.1
1 0.310546875 0.35555555555555557 0.01953125 0.06388888888888888
1 1.11953125 0.3333333333333333 0.0171875 0.075
1 0.308203125 0.31319444444444444 0.02265625 0.05138888888888889
1 1.128515625 0.36319444444444443 0.02890625 0.09027777777777778
1 1.139453125 0.3638888888888889 0.01796875 0.1