1 1.044140625 0.43680555555555556 0.03671875 0.12361111111111112
1 1.145703125 0.36666666666666664 0.02734375 0.10555555555555556
1 0.88828125 0.35208333333333336 0.0234375 0.0875
1 0.28359375 0.3715277777777778 0.021875 0.10416666666666667
1 0.8375 0.3298611111111111 0.0203125 0.0763888888888889
1 1.219921875 0.38055555555555554 0.02578125 0.10555555555555556
1 0.409375 0.38958333333333334 0.01875 0.06805555555555555
1 1.13203125 0.5118055555555555 0.03125 0.1125
1 0.835546875 0.3055555555555556 0.01640625 0.05555555555555555
1 1.113671875 0.5395833333333333 0.02421875 0.08194444444444444
0 0.08984375 0.5340277777777778 0.0296875 0.13194444444444445
0 0.0078125 0.24722222222222223 0.0140625 0.07222222222222222
1 1.12734375 0.47708333333333336 0.0296875 0.0875