0 0.7234375 0.6069444444444444 0.025 0.12777777777777777
1 0.3546875 0.3020833333333333 0.0171875 0.05694444444444444
1 1.115625 0.36319444444444443 0.0203125 0.08194444444444444
0 0.150390625 0.2791666666666667 0.02421875 0.06388888888888888
1 0.277734375 0.3486111111111111 0.01796875 0.075
1 1.220703125 0.3840277777777778 0.02421875 0.10416666666666667
1 0.691796875 0.5263888888888889 0.02109375 0.1
0 0.182421875 0.4027777777777778 0.02109375 0.10555555555555556
1 0.3125 0.35833333333333334 0.015625 0.06666666666666667
1 0.271484375 0.30277777777777776 0.01953125 0.058333333333333334
1 1.11875 0.33194444444444443 0.0171875 0.075
0 0.723828125 0.5576388888888889 0.02578125 0.08194444444444444
1 1.14296875 0.36527777777777776 0.0171875 0.1
1 1.126171875 0.3645833333333333 0.03203125 0.09305555555555556