1 0.29140625 0.26944444444444443 0.0171875 0.06944444444444445
0 0.20078125 0.3527777777777778 0.0234375 0.1
0 0.666796875 0.6131944444444445 0.02890625 0.1375
1 1.115234375 0.3701388888888889 0.01953125 0.07083333333333333
1 1.1203125 0.33194444444444443 0.01875 0.06944444444444445
1 1.220703125 0.38333333333333336 0.02421875 0.10555555555555556
1 0.31953125 0.3020833333333333 0.0203125 0.06527777777777778
0 0.025390625 0.29375 0.02421875 0.05138888888888889
1 0.312109375 0.3590277777777778 0.01484375 0.07083333333333333
1 1.138671875 0.3638888888888889 0.01796875 0.08611111111111111
1 0.371875 0.2798611111111111 0.015625 0.043055555555555555