1 1.145703125 0.36736111111111114 0.02734375 0.10416666666666667
1 1.04609375 0.4361111111111111 0.0265625 0.12222222222222222
1 0.2875 0.3701388888888889 0.0234375 0.10416666666666667
1 0.84453125 0.3326388888888889 0.0203125 0.0763888888888889
1 0.408203125 0.3923611111111111 0.01796875 0.06805555555555555
1 1.22109375 0.37777777777777777 0.0296875 0.11944444444444445
1 0.896875 0.35833333333333334 0.021875 0.08611111111111111
1 0.8421875 0.30625 0.015625 0.059722222222222225
0 1.1375 0.48541666666666666 0.0265625 0.10416666666666667
1 1.108203125 0.5416666666666666 0.02109375 0.075
0 0.083984375 0.5208333333333334 0.03203125 0.14166666666666666