1 0.76484375 0.5986111111111111 0.040625 0.14166666666666666
1 0.25078125 0.38333333333333336 0.0203125 0.08888888888888889
1 1.11640625 0.3638888888888889 0.0203125 0.07777777777777778
1 1.21953125 0.3861111111111111 0.0234375 0.1
1 0.247265625 0.3298611111111111 0.02109375 0.0625
1 1.16015625 0.37222222222222223 0.0203125 0.09444444444444444
1 0.344921875 0.34652777777777777 0.01953125 0.08194444444444444
0 0.015625 0.2923611111111111 0.015625 0.04861111111111111
1 0.715625 0.5111111111111111 0.0265625 0.12222222222222222
1 0.314453125 0.35694444444444445 0.01484375 0.075
0 0.212109375 0.2708333333333333 0.01640625 0.044444444444444446
0 0.172265625 0.4423611111111111 0.02578125 0.1125
1 1.117578125 0.3326388888888889 0.01796875 0.07083333333333333