1 1.1453125 0.36736111111111114 0.0265625 0.10416666666666667
1 0.853515625 0.3284722222222222 0.02734375 0.08194444444444444
1 1.05078125 0.4340277777777778 0.025 0.12083333333333333
1 0.90546875 0.3590277777777778 0.021875 0.08472222222222223
1 1.22109375 0.3798611111111111 0.0296875 0.12083333333333333
1 0.405859375 0.3902777777777778 0.01640625 0.07222222222222222
1 0.291015625 0.3659722222222222 0.02265625 0.09861111111111111
0 1.143359375 0.4951388888888889 0.02890625 0.11805555555555555
1 1.103515625 0.5395833333333333 0.02265625 0.07361111111111111
0 0.00703125 0.24861111111111112 0.0109375 0.06666666666666667
1 0.399609375 0.34305555555555556 0.01328125 0.05555555555555555