0 0.67578125 0.6125 0.0375 0.14444444444444443
1 0.31171875 0.29583333333333334 0.0203125 0.05277777777777778
1 0.28984375 0.27847222222222223 0.015625 0.05694444444444444
1 1.11484375 0.36875 0.0203125 0.07083333333333333
1 1.119921875 0.33125 0.01796875 0.06805555555555555
1 0.313671875 0.3590277777777778 0.01484375 0.06527777777777778
0 0.048046875 0.2902777777777778 0.02265625 0.05555555555555555
1 0.371875 0.28055555555555556 0.0171875 0.05277777777777778
1 1.21953125 0.3854166666666667 0.0234375 0.10416666666666667
0 0.194921875 0.3590277777777778 0.01796875 0.0875
1 1.139453125 0.36736111111111114 0.02109375 0.07361111111111111
0 0.66484375 0.54375 0.025 0.07916666666666666