0 0.722265625 0.6055555555555555 0.02578125 0.13055555555555556
1 1.116015625 0.3625 0.02109375 0.08055555555555556
1 0.35546875 0.30069444444444443 0.0171875 0.059722222222222225
1 1.220703125 0.38333333333333336 0.02421875 0.10555555555555556
0 0.149609375 0.2791666666666667 0.02421875 0.06111111111111111
0 0.183203125 0.40208333333333335 0.02109375 0.10694444444444444
1 0.278125 0.34444444444444444 0.0171875 0.07777777777777778
1 0.68984375 0.5270833333333333 0.0203125 0.09583333333333334
0 0.721875 0.5555555555555556 0.0265625 0.07777777777777778
1 1.11875 0.33194444444444443 0.0171875 0.075
1 0.31171875 0.3590277777777778 0.015625 0.06805555555555555
1 1.142578125 0.3645833333333333 0.01796875 0.09861111111111111
1 0.276953125 0.3159722222222222 0.02109375 0.07083333333333333