1 1.176171875 0.49375 0.02890625 0.1125
1 0.934375 0.3680555555555556 0.025 0.08333333333333333
1 1.145703125 0.37083333333333335 0.02734375 0.1
1 1.11328125 0.4222222222222222 0.025 0.1111111111111111
1 1.2203125 0.38125 0.0234375 0.10694444444444444
1 0.23359375 0.31875 0.01875 0.06527777777777778
1 0.899609375 0.3423611111111111 0.01796875 0.06805555555555555
1 0.90078125 0.3125 0.0171875 0.06111111111111111
0 0.00703125 0.2777777777777778 0.0125 0.044444444444444446
1 0.31484375 0.4215277777777778 0.0203125 0.059722222222222225
0 0.15078125 0.44930555555555557 0.0390625 0.10972222222222222