0 0.13515625 0.28194444444444444 0.015625 0.04722222222222222
1 1.116796875 0.3625 0.02109375 0.08055555555555556
0 0.71640625 0.625 0.0265625 0.09444444444444444
1 1.220703125 0.38333333333333336 0.02421875 0.10555555555555556
1 0.356640625 0.30486111111111114 0.01796875 0.06805555555555555
1 0.28046875 0.34444444444444444 0.01875 0.06944444444444445
1 0.273046875 0.29444444444444445 0.01796875 0.05555555555555555
0 0.71484375 0.55625 0.025 0.0763888888888889
1 0.311328125 0.36041666666666666 0.01796875 0.06805555555555555
1 0.68828125 0.5173611111111112 0.021875 0.10972222222222222
0 0.184375 0.3951388888888889 0.021875 0.10416666666666667
1 1.11953125 0.33541666666666664 0.0171875 0.0763888888888889
1 1.141015625 0.36319444444444443 0.01796875 0.10138888888888889