1 0.2828125 0.34305555555555556 0.01875 0.06944444444444445
1 0.2734375 0.29375 0.0203125 0.05416666666666667
1 1.11640625 0.3611111111111111 0.021875 0.08333333333333333
0 0.132421875 0.28958333333333336 0.01484375 0.04861111111111111
0 0.714453125 0.6201388888888889 0.03203125 0.1125
1 1.220703125 0.3840277777777778 0.02421875 0.10416666666666667
0 0.18515625 0.3958333333333333 0.0234375 0.10555555555555556
1 0.358203125 0.29444444444444445 0.01484375 0.058333333333333334
1 0.687109375 0.5159722222222223 0.02421875 0.1125
0 0.71328125 0.55625 0.0265625 0.0763888888888889
1 0.311328125 0.35555555555555557 0.01796875 0.06388888888888888
1 1.11953125 0.33541666666666664 0.0171875 0.0763888888888889