0 1.043359375 0.5270833333333333 0.03203125 0.1125
1 0.983984375 0.4548611111111111 0.03203125 0.1125
1 0.278125 0.43472222222222223 0.0375 0.11666666666666667
1 1.145703125 0.36736111111111114 0.02578125 0.09861111111111111
1 0.40859375 0.38819444444444445 0.0203125 0.07083333333333333
0 0.758203125 0.2965277777777778 0.01640625 0.05138888888888889
1 1.2203125 0.38263888888888886 0.0234375 0.10694444444444444
1 0.835546875 0.3611111111111111 0.02109375 0.075
0 0.762890625 0.32430555555555557 0.01796875 0.06527777777777778
1 0.83046875 0.34097222222222223 0.01875 0.059722222222222225
1 0.400390625 0.3333333333333333 0.01484375 0.044444444444444446