1 0.81484375 0.4888888888888889 0.0265625 0.12777777777777777
1 1.149609375 0.36666666666666664 0.02578125 0.09722222222222222
1 1.11328125 0.3541666666666667 0.01875 0.1
1 1.220703125 0.3840277777777778 0.02265625 0.10416666666666667
0 0.56484375 0.2763888888888889 0.01875 0.05555555555555555
0 0.562109375 0.3 0.01640625 0.05555555555555555
1 0.962890625 0.6076388888888888 0.03203125 0.09305555555555556
1 0.0640625 0.54375 0.0421875 0.1125
1 0.333203125 0.38472222222222224 0.01796875 0.07222222222222222
1 0.937109375 0.5826388888888889 0.02265625 0.09861111111111111
0 0.064453125 0.27569444444444446 0.01484375 0.04027777777777778