1 0.934765625 0.3680555555555556 0.02578125 0.08333333333333333
0 1.169140625 0.49583333333333335 0.02578125 0.10277777777777777
1 1.14609375 0.3680555555555556 0.0265625 0.10277777777777777
1 0.89296875 0.3333333333333333 0.025 0.07777777777777778
1 0.262109375 0.3277777777777778 0.02421875 0.06944444444444445
1 1.105078125 0.42291666666666666 0.03046875 0.10694444444444444
1 1.220703125 0.38055555555555554 0.02421875 0.10555555555555556
1 0.350390625 0.4166666666666667 0.02109375 0.06944444444444445
1 0.26328125 0.30416666666666664 0.0203125 0.058333333333333334
1 1.08359375 0.5368055555555555 0.0234375 0.08472222222222223
1 0.1171875 0.45208333333333334 0.025 0.12083333333333333
1 0.13828125 0.45625 0.05 0.14305555555555555