1 0.703125 0.6090277777777777 0.0453125 0.15416666666666667
1 0.27734375 0.2861111111111111 0.01875 0.05277777777777778
1 0.36328125 0.29375 0.01875 0.0625
1 0.67890625 0.5111111111111111 0.03125 0.13055555555555556
1 1.116015625 0.3625 0.02109375 0.08333333333333333
0 0.1109375 0.28680555555555554 0.028125 0.06527777777777778
1 1.2203125 0.3840277777777778 0.0234375 0.10416666666666667
1 0.291796875 0.32569444444444445 0.02109375 0.06527777777777778
0 0.18671875 0.37916666666666665 0.021875 0.1
1 0.31171875 0.3548611111111111 0.0171875 0.0625
1 1.11953125 0.3326388888888889 0.0171875 0.07083333333333333
1 0.303125 0.3125 0.0203125 0.04722222222222222
1 1.1375 0.36319444444444443 0.0203125 0.10138888888888889