1 1.0453125 0.43472222222222223 0.0359375 0.125
1 1.1453125 0.3659722222222222 0.028125 0.10694444444444444
1 0.892578125 0.35138888888888886 0.02421875 0.09166666666666666
1 0.285546875 0.37569444444444444 0.02265625 0.10138888888888889
1 0.840234375 0.3284722222222222 0.01953125 0.07916666666666666
1 0.409375 0.3909722222222222 0.01875 0.06805555555555555
1 1.219921875 0.38125 0.02578125 0.10694444444444444
1 0.8375 0.30416666666666664 0.015625 0.05555555555555555
1 1.131640625 0.5006944444444444 0.03671875 0.13194444444444445
1 1.1109375 0.5388888888888889 0.0203125 0.06944444444444445
0 0.090234375 0.5326388888888889 0.02890625 0.13472222222222222