1 1.14453125 0.3701388888888889 0.028125 0.09861111111111111
0 1.194921875 0.4888888888888889 0.03515625 0.11944444444444445
1 1.220703125 0.38125 0.02265625 0.10694444444444444
0 0.15 0.4597222222222222 0.0328125 0.06666666666666667
1 0.221484375 0.30972222222222223 0.01796875 0.05555555555555555
1 0.936328125 0.3701388888888889 0.02265625 0.0763888888888889
1 1.11953125 0.4236111111111111 0.025 0.11666666666666667
0 0.0140625 0.3194444444444444 0.025 0.05277777777777778
1 0.923046875 0.3451388888888889 0.02109375 0.06805555555555555
0 0.132421875 0.45694444444444443 0.02421875 0.06388888888888888
1 0.92265625 0.3159722222222222 0.0203125 0.0625
1 0.228515625 0.42291666666666666 0.03046875 0.06805555555555555