0 0.966015625 0.5555555555555556 0.03203125 0.1361111111111111
1 1.148046875 0.36527777777777776 0.03203125 0.09166666666666666
1 0.025390625 0.5256944444444445 0.04609375 0.12361111111111112
1 0.8421875 0.4798611111111111 0.028125 0.13472222222222222
1 1.123046875 0.3590277777777778 0.02265625 0.09027777777777778
1 0.618359375 0.2916666666666667 0.01640625 0.044444444444444446
0 0.0421875 0.2590277777777778 0.0203125 0.0625
1 0.6203125 0.32013888888888886 0.0171875 0.05416666666666667
1 1.21953125 0.3854166666666667 0.0234375 0.10416666666666667
1 0.34375 0.32430555555555557 0.015625 0.034722222222222224
1 1.121875 0.3263888888888889 0.015625 0.06666666666666667