1 0.7046875 0.6055555555555555 0.046875 0.15833333333333333
1 0.277734375 0.2916666666666667 0.01953125 0.05555555555555555
1 0.362890625 0.29375 0.01953125 0.059722222222222225
1 0.680859375 0.5125 0.02890625 0.12777777777777777
1 1.2203125 0.3840277777777778 0.0234375 0.10416666666666667
0 0.112890625 0.28541666666666665 0.02578125 0.0625
1 1.116015625 0.36319444444444443 0.02109375 0.08194444444444444
0 0.1859375 0.38125 0.021875 0.09861111111111111
1 0.290234375 0.32708333333333334 0.01953125 0.06805555555555555
1 1.11953125 0.3326388888888889 0.0171875 0.07083333333333333
1 0.3125 0.35694444444444445 0.015625 0.06666666666666667