1 0.701171875 0.6104166666666667 0.04296875 0.1486111111111111
1 0.277734375 0.28541666666666665 0.01953125 0.05694444444444444
1 0.362109375 0.29375 0.01640625 0.06805555555555555
0 0.09921875 0.2881944444444444 0.0171875 0.05138888888888889
1 0.31328125 0.3527777777777778 0.015625 0.05555555555555555
1 1.116015625 0.36319444444444443 0.02109375 0.08194444444444444
1 0.679296875 0.5118055555555555 0.03359375 0.13194444444444445
1 1.2203125 0.3840277777777778 0.0234375 0.10416666666666667
1 0.29453125 0.3263888888888889 0.0203125 0.06388888888888888
1 0.30234375 0.3104166666666667 0.021875 0.04583333333333333
0 0.187890625 0.38125 0.01953125 0.09027777777777778
1 1.11953125 0.33125 0.0171875 0.07083333333333333
1 1.140234375 0.3638888888888889 0.02109375 0.08611111111111111