1 1.144921875 0.36875 0.02734375 0.09583333333333334
0 0.730859375 0.2916666666666667 0.01640625 0.04722222222222222
1 0.7953125 0.34791666666666665 0.028125 0.0763888888888889
1 0.960546875 0.46041666666666664 0.03828125 0.09861111111111111
0 0.73515625 0.32430555555555557 0.0171875 0.05416666666666667
0 1.019921875 0.51875 0.02890625 0.10694444444444444
1 0.397265625 0.3284722222222222 0.01484375 0.0375
1 1.21953125 0.3819444444444444 0.0234375 0.10555555555555556
1 0.245703125 0.4486111111111111 0.03515625 0.12777777777777777
1 0.40390625 0.38680555555555557 0.01875 0.07361111111111111
0 0.028125 0.2520833333333333 0.01875 0.07083333333333333
1 0.98984375 1.3916666666666666 0.078125 0.1638888888888889