1 0.251171875 0.3854166666666667 0.02265625 0.0875
1 0.76484375 0.5979166666666667 0.0421875 0.14583333333333334
1 0.247265625 0.3277777777777778 0.01953125 0.06111111111111111
1 1.11640625 0.3638888888888889 0.0203125 0.07777777777777778
1 1.21953125 0.3861111111111111 0.0234375 0.1
1 0.716796875 0.5118055555555555 0.03046875 0.12638888888888888
1 0.34453125 0.3451388888888889 0.01875 0.08472222222222223
0 0.01640625 0.2902777777777778 0.015625 0.05
0 0.212890625 0.2708333333333333 0.01640625 0.044444444444444446
1 1.160546875 0.3701388888888889 0.01953125 0.09305555555555556
1 0.314453125 0.35694444444444445 0.01484375 0.075
0 0.172265625 0.44513888888888886 0.02421875 0.11527777777777778
1 1.117578125 0.33194444444444443 0.01796875 0.07222222222222222