1 1.17421875 0.49583333333333335 0.0296875 0.10833333333333334
1 0.935546875 0.36875 0.02578125 0.08194444444444444
1 1.145703125 0.36944444444444446 0.02734375 0.09722222222222222
1 0.236328125 0.31875 0.01796875 0.0625
1 1.112109375 0.42916666666666664 0.02734375 0.10277777777777777
1 0.8984375 0.33958333333333335 0.01875 0.06805555555555555
1 1.220703125 0.38055555555555554 0.02421875 0.10555555555555556
1 0.90078125 0.31180555555555556 0.0171875 0.059722222222222225
1 0.316796875 0.4125 0.01484375 0.06666666666666667
1 1.0796875 0.5361111111111111 0.01875 0.07777777777777778
0 0.158203125 0.45208333333333334 0.04921875 0.12361111111111112