0 0.183203125 0.4041666666666667 0.02265625 0.10555555555555556
0 0.72578125 0.6055555555555555 0.0265625 0.13055555555555556
1 0.27734375 0.35347222222222224 0.01875 0.07083333333333333
1 0.3546875 0.3013888888888889 0.0171875 0.05555555555555555
1 1.115625 0.36319444444444443 0.0203125 0.08194444444444444
1 0.69140625 0.5159722222222223 0.021875 0.12083333333333333
0 0.152734375 0.28194444444444444 0.02265625 0.06111111111111111
1 1.220703125 0.3840277777777778 0.02421875 0.10416666666666667
1 0.270703125 0.30277777777777776 0.01953125 0.05555555555555555
0 0.727734375 0.5569444444444445 0.02734375 0.07777777777777778
1 0.313671875 0.35694444444444445 0.01484375 0.06944444444444445
1 1.144140625 0.3645833333333333 0.01796875 0.10138888888888889
1 1.119140625 0.3333333333333333 0.01640625 0.075