0 0.778515625 0.5951388888888889 0.03046875 0.13472222222222222
1 1.1671875 0.37222222222222223 0.028125 0.10277777777777777
1 0.33515625 0.3659722222222222 0.0234375 0.08194444444444444
1 1.11640625 0.3625 0.021875 0.08333333333333333
1 0.7234375 0.5076388888888889 0.03125 0.12916666666666668
1 0.242578125 0.40208333333333335 0.01953125 0.09305555555555556
0 0.058984375 0.2875 0.01640625 0.04722222222222222
1 0.2359375 0.3402777777777778 0.0203125 0.05555555555555555
1 1.21875 0.3854166666666667 0.025 0.10416666666666667
0 0.16328125 0.4625 0.0265625 0.1111111111111111
1 0.315234375 0.3506944444444444 0.01484375 0.0763888888888889
1 0.33671875 0.3388888888888889 0.01875 0.058333333333333334
1 1.117578125 0.33125 0.01640625 0.07083333333333333