1 0.356640625 0.30694444444444446 0.01796875 0.06666666666666667
1 1.115625 0.3638888888888889 0.0203125 0.07777777777777778
0 0.14765625 0.28888888888888886 0.0265625 0.058333333333333334
1 1.220703125 0.38333333333333336 0.02421875 0.10555555555555556
0 0.719140625 0.6090277777777777 0.02578125 0.12638888888888888
1 0.279296875 0.3451388888888889 0.01796875 0.0763888888888889
1 0.689453125 0.525 0.02109375 0.09722222222222222
1 0.274609375 0.3090277777777778 0.02109375 0.07083333333333333
0 0.71796875 0.5555555555555556 0.025 0.07777777777777778
0 0.184765625 0.3958333333333333 0.02265625 0.10555555555555556
1 1.11953125 0.33194444444444443 0.0171875 0.075
1 0.3109375 0.3590277777777778 0.0171875 0.07083333333333333
1 1.141796875 0.3611111111111111 0.01796875 0.1
1 1.125390625 0.3611111111111111 0.03046875 0.08888888888888889