1 0.92890625 0.36736111111111114 0.0265625 0.08194444444444444
1 0.874609375 0.33194444444444443 0.02734375 0.075
0 1.157421875 0.49583333333333335 0.03046875 0.11944444444444445
1 1.145703125 0.36875 0.02578125 0.10138888888888889
1 1.07109375 0.42916666666666664 0.0234375 0.11944444444444445
1 0.298046875 0.34444444444444444 0.02734375 0.08888888888888889
1 1.2203125 0.38125 0.025 0.10694444444444444
1 0.07890625 0.4826388888888889 0.0484375 0.11805555555555555
1 0.049609375 0.4986111111111111 0.03359375 0.09444444444444444
1 0.03203125 0.5486111111111112 0.0484375 0.1111111111111111
1 0.87109375 0.30416666666666664 0.0140625 0.05277777777777778