1 0.293359375 0.3645833333333333 0.02421875 0.09861111111111111
0 1.1484375 0.4979166666666667 0.03125 0.12083333333333333
1 1.060546875 0.43194444444444446 0.03203125 0.12222222222222222
1 1.1453125 0.3659722222222222 0.0265625 0.10694444444444444
1 0.85625 0.3298611111111111 0.0265625 0.08472222222222223
1 0.91484375 0.3597222222222222 0.0296875 0.08888888888888889
1 0.4046875 0.39166666666666666 0.0171875 0.07222222222222222
1 1.221875 0.3798611111111111 0.0296875 0.12083333333333333
0 0.006640625 0.24375 0.01171875 0.06527777777777778
0 0.00546875 0.2923611111111111 0.0109375 0.04583333333333333
0 0.065625 0.5083333333333333 0.0359375 0.125