1 1.062890625 0.43194444444444446 0.03359375 0.11944444444444445
0 1.15078125 0.49930555555555556 0.0296875 0.11805555555555555
1 0.9171875 0.36319444444444443 0.0265625 0.09027777777777778
1 1.1453125 0.3638888888888889 0.0265625 0.10833333333333334
1 0.294140625 0.35833333333333334 0.02578125 0.09722222222222222
1 0.859375 0.3277777777777778 0.021875 0.09166666666666666
1 1.21953125 0.38263888888888886 0.025 0.10694444444444444
1 0.403515625 0.39166666666666666 0.01640625 0.075
0 0.00625 0.24166666666666667 0.0109375 0.06388888888888888
1 0.8578125 0.30625 0.015625 0.05694444444444444
0 0.005859375 0.2902777777777778 0.01171875 0.044444444444444446