1 0.2796875 0.2798611111111111 0.0171875 0.04861111111111111
0 0.0921875 0.29305555555555557 0.0171875 0.041666666666666664
1 1.116015625 0.3625 0.02109375 0.08055555555555556
0 0.69375 0.6305555555555555 0.028125 0.1
1 1.220703125 0.38333333333333336 0.02265625 0.10277777777777777
1 0.36484375 0.2861111111111111 0.0171875 0.06944444444444445
1 0.3 0.30625 0.0203125 0.05138888888888889
0 0.190234375 0.37222222222222223 0.01796875 0.09444444444444444
1 1.11953125 0.3298611111111111 0.0171875 0.06805555555555555
0 0.692578125 0.5680555555555555 0.02734375 0.09444444444444444
1 0.30078125 0.32916666666666666 0.021875 0.06111111111111111
1 0.31171875 0.34930555555555554 0.015625 0.05416666666666667
1 1.139453125 0.36319444444444443 0.02109375 0.08472222222222223
1 0.6734375 0.5118055555555555 0.0203125 0.12083333333333333
1 0.284765625 0.2923611111111111 0.02109375 0.04861111111111111
0 0.683984375 0.5472222222222223 0.02421875 0.08055555555555556