1 0.2484375 0.3909722222222222 0.025 0.0875
1 0.76640625 0.5958333333333333 0.040625 0.1527777777777778
1 0.244921875 0.33125 0.02109375 0.059722222222222225
1 0.715234375 0.5111111111111111 0.03359375 0.11944444444444445
1 1.11640625 0.3625 0.0203125 0.08055555555555556
1 0.342578125 0.3458333333333333 0.02109375 0.08888888888888889
1 1.219921875 0.38472222222222224 0.02421875 0.1
1 1.16171875 0.3680555555555556 0.0203125 0.1
1 0.3140625 0.35694444444444445 0.015625 0.07777777777777778
0 0.17109375 0.44930555555555557 0.025 0.12361111111111112
1 0.022265625 0.2881944444444444 0.01484375 0.05138888888888889
1 1.1171875 0.3326388888888889 0.0171875 0.07083333333333333