0 0.972265625 0.5534722222222223 0.03359375 0.13194444444444445
1 1.1421875 0.36666666666666664 0.0328125 0.08888888888888889
1 0.64453125 0.32083333333333336 0.0203125 0.06111111111111111
1 1.219921875 0.3854166666666667 0.02421875 0.10416666666666667
0 0.634765625 0.2847222222222222 0.01796875 0.04722222222222222
1 0.857421875 0.4847222222222222 0.02421875 0.11388888888888889
1 0.35703125 0.38958333333333334 0.01875 0.06805555555555555
1 1.12734375 0.32708333333333334 0.015625 0.0625
0 0.637890625 0.30486111111111114 0.01796875 0.05416666666666667
1 1.13046875 0.3659722222222222 0.025 0.08194444444444444
0 0.03984375 0.25833333333333336 0.01875 0.06666666666666667