1 0.68359375 0.5118055555555555 0.03125 0.1375
1 0.276953125 0.29375 0.02109375 0.05138888888888889
1 0.7078125 0.61875 0.0375 0.12083333333333333
1 0.361328125 0.29097222222222224 0.01796875 0.059722222222222225
0 0.11953125 0.28194444444444444 0.0203125 0.04722222222222222
1 1.11640625 0.36180555555555555 0.021875 0.08472222222222223
1 1.2203125 0.38333333333333336 0.0234375 0.10555555555555556
1 0.28671875 0.33611111111111114 0.0203125 0.07777777777777778
1 0.706640625 0.5569444444444445 0.02578125 0.07777777777777778
0 0.184375 0.38263888888888886 0.01875 0.09027777777777778
1 1.1203125 0.3375 0.01875 0.075
1 0.312109375 0.35625 0.01640625 0.06805555555555555
1 1.138671875 0.3625 0.01953125 0.1