1 0.3125 0.36041666666666666 0.0171875 0.06527777777777778
1 0.314453125 0.2972222222222222 0.02265625 0.05277777777777778
0 0.67265625 0.6111111111111112 0.0328125 0.14444444444444443
1 0.290625 0.2791666666666667 0.015625 0.06111111111111111
0 0.04296875 0.28125 0.0328125 0.07083333333333333
1 1.115234375 0.3701388888888889 0.01953125 0.07083333333333333
1 1.119921875 0.33125 0.01796875 0.06805555555555555
1 1.219921875 0.3854166666666667 0.02421875 0.10416666666666667
1 0.372265625 0.2881944444444444 0.01640625 0.04861111111111111
0 0.196484375 0.3541666666666667 0.01953125 0.09166666666666666
1 1.138671875 0.3659722222222222 0.02109375 0.0763888888888889
0 0.204296875 0.31319444444444444 0.01796875 0.0625
0 0.6609375 0.5263888888888889 0.0265625 0.13333333333333333