0 0.726953125 0.60625 0.02890625 0.1375
0 0.183203125 0.40625 0.02265625 0.10972222222222222
1 0.2765625 0.35208333333333336 0.0203125 0.0763888888888889
0 0.155859375 0.2861111111111111 0.02109375 0.05
1 1.116015625 0.3611111111111111 0.02109375 0.08333333333333333
1 0.692578125 0.5138888888888888 0.02421875 0.12222222222222222
1 1.220703125 0.3840277777777778 0.02421875 0.10416666666666667
1 0.355078125 0.3020833333333333 0.01640625 0.05416666666666667
1 0.270703125 0.30277777777777776 0.01953125 0.058333333333333334
1 0.31328125 0.3590277777777778 0.015625 0.07083333333333333
1 1.11875 0.3333333333333333 0.0171875 0.075
1 1.14375 0.36319444444444443 0.0171875 0.10416666666666667