1 0.853515625 0.3263888888888889 0.02890625 0.08611111111111111
1 1.05234375 0.43333333333333335 0.025 0.11944444444444445
1 1.1453125 0.36736111111111114 0.0265625 0.10416666666666667
1 0.907421875 0.3576388888888889 0.02265625 0.08472222222222223
1 1.22109375 0.3798611111111111 0.0296875 0.12083333333333333
1 0.40546875 0.3923611111111111 0.015625 0.07083333333333333
1 0.291796875 0.3645833333333333 0.02265625 0.10138888888888889
0 1.144921875 0.4965277777777778 0.03046875 0.11805555555555555
1 1.102734375 0.5388888888888889 0.02421875 0.07222222222222222
0 0.00625 0.24930555555555556 0.0109375 0.06527777777777778
1 0.399609375 0.34375 0.01328125 0.05416666666666667