1 0.245703125 0.3923611111111111 0.02421875 0.08472222222222223
0 0.16875 0.45694444444444443 0.028125 0.12222222222222222
1 0.770703125 0.5979166666666667 0.03984375 0.1486111111111111
1 0.71875 0.5090277777777777 0.034375 0.12638888888888888
1 0.2421875 0.3347222222222222 0.021875 0.06388888888888888
1 1.11640625 0.3638888888888889 0.0203125 0.07777777777777778
1 1.21953125 0.38472222222222224 0.0234375 0.10277777777777777
1 0.337890625 0.36180555555555555 0.02265625 0.0875
0 0.043359375 0.27847222222222223 0.02890625 0.06805555555555555
1 1.16328125 0.3763888888888889 0.0234375 0.10277777777777777
1 1.117578125 0.33125 0.01640625 0.07083333333333333
1 0.3359375 0.3333333333333333 0.021875 0.06388888888888888