0 0.675390625 0.6138888888888889 0.03828125 0.14166666666666666
1 0.312890625 0.29583333333333334 0.02109375 0.05277777777777778
1 0.290625 0.2798611111111111 0.015625 0.05416666666666667
1 0.31328125 0.35833333333333334 0.015625 0.06666666666666667
1 1.11484375 0.3680555555555556 0.0203125 0.06944444444444445
1 1.119921875 0.33125 0.01796875 0.06805555555555555
0 0.04609375 0.28958333333333336 0.021875 0.05694444444444444
1 0.37265625 0.28125 0.0171875 0.05138888888888889
1 1.219921875 0.3854166666666667 0.02421875 0.10416666666666667
0 0.19453125 0.35694444444444445 0.01875 0.08888888888888889
1 1.139453125 0.36666666666666664 0.02109375 0.075
0 0.665234375 0.5402777777777777 0.02578125 0.08611111111111111