1 0.812109375 0.3506944444444444 0.03359375 0.08194444444444444
1 0.968359375 0.45694444444444443 0.03046875 0.10833333333333334
1 0.74375 0.3215277777777778 0.0203125 0.05694444444444444
1 1.145703125 0.36736111111111114 0.02734375 0.09583333333333334
0 1.02890625 0.5270833333333333 0.03125 0.12083333333333333
1 0.257421875 0.44027777777777777 0.03046875 0.12222222222222222
1 0.741796875 0.2923611111111111 0.01640625 0.05138888888888889
1 1.21953125 0.38263888888888886 0.0234375 0.10694444444444444
1 0.40625 0.3875 0.0203125 0.07222222222222222
1 0.3984375 0.32708333333333334 0.0140625 0.04027777777777778
0 0.026171875 0.2534722222222222 0.01640625 0.0625
0 1.033984375 0.49444444444444446 0.02890625 0.08888888888888889