1 0.8203125 0.4847222222222222 0.028125 0.13333333333333333
1 0.948046875 0.5666666666666667 0.03515625 0.12777777777777777
1 1.149609375 0.36527777777777776 0.02578125 0.09444444444444444
1 0.334375 0.3854166666666667 0.0203125 0.07083333333333333
1 1.115234375 0.3597222222222222 0.01796875 0.08611111111111111
0 0.577734375 0.29444444444444445 0.02109375 0.05555555555555555
1 1.2203125 0.38472222222222224 0.0234375 0.10277777777777777
0 0.06171875 0.25625 0.01875 0.0625
1 0.051171875 0.5375 0.02734375 0.1111111111111111
1 0.98046875 0.6055555555555555 0.0265625 0.08055555555555556
1 0.32421875 0.32083333333333336 0.01875 0.03611111111111111