1 1.1453125 0.36736111111111114 0.0265625 0.10416666666666667
1 1.054296875 0.43472222222222223 0.02578125 0.11944444444444445
1 0.908203125 0.3548611111111111 0.02578125 0.09027777777777778
1 0.85390625 0.32916666666666666 0.028125 0.08333333333333333
1 0.29140625 0.36319444444444443 0.0234375 0.10138888888888889
1 1.22109375 0.3798611111111111 0.0296875 0.12083333333333333
0 1.145703125 0.4951388888888889 0.02890625 0.1125
1 0.40546875 0.3923611111111111 0.015625 0.0763888888888889
1 1.1015625 0.5395833333333333 0.0234375 0.07083333333333333
0 0.00625 0.24930555555555556 0.0109375 0.06527777777777778
1 0.399609375 0.34375 0.01328125 0.05416666666666667