1 1.155859375 0.37430555555555556 0.02734375 0.0875
1 1.116796875 0.36319444444444443 0.02109375 0.07916666666666666
1 0.259375 0.37222222222222223 0.01875 0.08611111111111111
1 0.705859375 0.5097222222222222 0.02734375 0.12222222222222222
0 0.750390625 0.60625 0.02734375 0.12361111111111112
1 1.219921875 0.38472222222222224 0.02421875 0.10277777777777777
1 0.349609375 0.3416666666666667 0.01796875 0.06944444444444445
1 0.35 0.31319444444444444 0.015625 0.05694444444444444
0 0.178515625 0.4284722222222222 0.02109375 0.10694444444444444
1 0.25703125 0.3229166666666667 0.01875 0.0763888888888889
1 0.3140625 0.35694444444444445 0.0140625 0.075
0 0.20390625 0.2986111111111111 0.015625 0.041666666666666664
1 1.119140625 0.33402777777777776 0.01484375 0.07361111111111111
1 0.00625 0.29930555555555555 0.0109375 0.04583333333333333