0 0.966796875 0.5548611111111111 0.03203125 0.13194444444444445
1 1.14765625 0.36736111111111114 0.0328125 0.09027777777777778
1 0.84765625 0.4798611111111111 0.03125 0.13472222222222222
1 0.024609375 0.5263888888888889 0.04296875 0.11388888888888889
1 1.12421875 0.3597222222222222 0.0234375 0.08888888888888889
1 0.623046875 0.3138888888888889 0.01640625 0.05277777777777778
1 0.62265625 0.2902777777777778 0.0171875 0.04722222222222222
1 1.21953125 0.3854166666666667 0.0234375 0.10416666666666667
0 0.042578125 0.2604166666666667 0.01953125 0.0625
1 1.123828125 0.3284722222222222 0.01640625 0.06527777777777778
1 0.999609375 1.395138888888889 0.07578125 0.15138888888888888