1 1.060546875 0.4326388888888889 0.03203125 0.12361111111111112
0 1.1484375 0.4979166666666667 0.0296875 0.11805555555555555
1 0.292578125 0.36527777777777776 0.02265625 0.09722222222222222
1 1.145703125 0.3659722222222222 0.02578125 0.10416666666666667
1 0.85546875 0.33125 0.0265625 0.07916666666666666
1 0.9125 0.3548611111111111 0.0296875 0.09305555555555556
1 0.405078125 0.39166666666666666 0.01640625 0.07222222222222222
1 1.222265625 0.3798611111111111 0.03046875 0.12083333333333333
0 0.065625 0.5111111111111111 0.040625 0.12222222222222222
0 0.007421875 0.24444444444444444 0.01171875 0.06944444444444445
1 0.398828125 0.3423611111111111 0.01328125 0.05138888888888889
0 0.005859375 0.28888888888888886 0.01171875 0.044444444444444446