1 1.05703125 0.4340277777777778 0.0296875 0.12083333333333333
1 0.911328125 0.35555555555555557 0.02734375 0.08333333333333333
1 1.1453125 0.3659722222222222 0.0265625 0.10416666666666667
0 1.14609375 0.4979166666666667 0.0296875 0.12083333333333333
1 0.292578125 0.36527777777777776 0.02265625 0.1
1 0.855078125 0.3277777777777778 0.02734375 0.08333333333333333
1 0.405078125 0.39305555555555555 0.01640625 0.07222222222222222
1 1.222265625 0.3798611111111111 0.03046875 0.12083333333333333
1 1.10078125 0.5388888888888889 0.025 0.07222222222222222
0 0.007421875 0.24444444444444444 0.01171875 0.06944444444444445
1 0.398828125 0.3423611111111111 0.01328125 0.05138888888888889