1 0.934765625 0.3680555555555556 0.02578125 0.08333333333333333
1 1.16875 0.4979166666666667 0.0265625 0.10416666666666667
1 1.14609375 0.3680555555555556 0.0265625 0.10277777777777777
1 0.89296875 0.33402777777777776 0.025 0.0763888888888889
1 1.220703125 0.38055555555555554 0.02421875 0.10555555555555556
1 0.260546875 0.3277777777777778 0.02265625 0.06944444444444445
1 1.10703125 0.4236111111111111 0.034375 0.1111111111111111
1 0.1171875 0.4548611111111111 0.025 0.11527777777777778
1 0.2625 0.3013888888888889 0.01875 0.05277777777777778
1 0.351171875 0.4326388888888889 0.01796875 0.043055555555555555
1 0.3453125 0.41458333333333336 0.0171875 0.0763888888888889
0 0.148828125 0.4576388888888889 0.05703125 0.14027777777777778
1 1.08359375 0.5368055555555555 0.0234375 0.08472222222222223