1 0.31171875 0.36041666666666666 0.0171875 0.06805555555555555
1 0.31640625 0.29930555555555555 0.021875 0.05416666666666667
0 0.671484375 0.6097222222222223 0.03203125 0.14722222222222223
1 1.115234375 0.3701388888888889 0.01953125 0.07083333333333333
1 1.119921875 0.33125 0.01796875 0.06805555555555555
1 0.290625 0.2777777777777778 0.015625 0.06388888888888888
0 0.19765625 0.35347222222222224 0.021875 0.09583333333333334
0 0.03828125 0.28194444444444444 0.0328125 0.08333333333333333
1 1.219921875 0.38472222222222224 0.02421875 0.10555555555555556
1 0.37265625 0.2847222222222222 0.015625 0.05
1 1.138671875 0.36527777777777776 0.02109375 0.075