1 0.70546875 0.6069444444444444 0.0453125 0.15833333333333333
1 0.2765625 0.29375 0.0203125 0.059722222222222225
1 0.682421875 0.5118055555555555 0.03046875 0.13472222222222222
1 0.3625 0.29583333333333334 0.01875 0.06111111111111111
0 0.1140625 0.28194444444444444 0.0265625 0.06944444444444445
1 1.116015625 0.36319444444444443 0.02109375 0.08194444444444444
1 1.2203125 0.3840277777777778 0.0234375 0.10416666666666667
1 0.28984375 0.33125 0.01875 0.07083333333333333
0 0.186328125 0.3798611111111111 0.01953125 0.09027777777777778
1 0.3125 0.3576388888888889 0.015625 0.06527777777777778
1 1.11953125 0.33194444444444443 0.0171875 0.07222222222222222
1 0.305078125 0.3173611111111111 0.02109375 0.05416666666666667