0 0.681640625 0.6138888888888889 0.03515625 0.1361111111111111
1 0.287890625 0.27708333333333335 0.01484375 0.05138888888888889
1 1.115625 0.3659722222222222 0.0203125 0.0763888888888889
1 0.308203125 0.2986111111111111 0.01953125 0.05
1 1.119921875 0.3298611111111111 0.01796875 0.06805555555555555
1 1.2203125 0.3854166666666667 0.0234375 0.10138888888888889
1 0.31328125 0.3590277777777778 0.0140625 0.06527777777777778
0 0.059765625 0.2972222222222222 0.01640625 0.044444444444444446
1 1.137109375 0.3645833333333333 0.01953125 0.09027777777777778
0 0.056640625 0.2763888888888889 0.01796875 0.041666666666666664
1 0.369921875 0.2791666666666667 0.01640625 0.06111111111111111
0 0.19296875 0.3625 0.0171875 0.08888888888888889
1 0.662890625 0.45694444444444443 0.01484375 0.04722222222222222