1 0.79765625 0.3472222222222222 0.0296875 0.08611111111111111
1 0.964453125 0.45416666666666666 0.03671875 0.1111111111111111
1 1.144921875 0.36736111111111114 0.02734375 0.09583333333333334
0 1.0234375 0.5215277777777778 0.0296875 0.11805555555555555
0 0.73671875 0.32430555555555557 0.0171875 0.05694444444444444
1 1.21953125 0.38263888888888886 0.0234375 0.10694444444444444
0 0.73515625 0.2951388888888889 0.0171875 0.04861111111111111
1 0.396875 0.3284722222222222 0.0140625 0.0375
1 0.24921875 0.4486111111111111 0.03125 0.125
1 0.4046875 0.38680555555555557 0.0203125 0.07361111111111111
0 0.02734375 0.2513888888888889 0.01875 0.06944444444444445
1 0.99140625 1.3916666666666666 0.078125 0.1638888888888889