0 0.740625 0.6041666666666666 0.0359375 0.13333333333333333
1 1.151171875 0.36944444444444446 0.02890625 0.09444444444444444
1 0.268359375 0.36319444444444443 0.01953125 0.07361111111111111
1 0.262109375 0.30833333333333335 0.02265625 0.05555555555555555
1 1.116015625 0.3597222222222222 0.02109375 0.08611111111111111
1 0.353515625 0.33541666666666664 0.01796875 0.05694444444444444
1 0.3125 0.35694444444444445 0.015625 0.07222222222222222
1 0.3515625 0.30833333333333335 0.0171875 0.05277777777777778
1 1.21953125 0.38472222222222224 0.0234375 0.10277777777777777
0 0.18125 0.4166666666666667 0.021875 0.11388888888888889
1 0.7 0.5076388888888889 0.025 0.12638888888888888
0 0.200390625 0.30694444444444446 0.01953125 0.04722222222222222