1 1.116015625 0.36319444444444443 0.02109375 0.08194444444444444
1 1.1546875 0.37222222222222223 0.028125 0.09166666666666666
0 0.746875 0.5951388888888889 0.025 0.13472222222222222
1 0.25859375 0.3125 0.0203125 0.058333333333333334
1 0.350390625 0.3416666666666667 0.01796875 0.06666666666666667
1 0.260546875 0.36736111111111114 0.01796875 0.09027777777777778
1 1.21953125 0.38472222222222224 0.0234375 0.10277777777777777
0 0.180078125 0.42569444444444443 0.02265625 0.1125
0 0.2109375 0.3020833333333333 0.01875 0.034722222222222224
1 0.707421875 0.5166666666666667 0.02578125 0.11944444444444445
1 0.351171875 0.3138888888888889 0.01640625 0.058333333333333334
1 0.314453125 0.35625 0.01484375 0.07361111111111111
0 0.191796875 0.28055555555555556 0.01484375 0.041666666666666664
1 1.11875 0.3333333333333333 0.015625 0.075