1 1.14921875 0.3659722222222222 0.0265625 0.09861111111111111
1 0.81640625 0.4861111111111111 0.0265625 0.12777777777777777
1 0.964453125 0.6076388888888888 0.03203125 0.08472222222222223
1 1.220703125 0.38333333333333336 0.02265625 0.10555555555555556
1 1.1140625 0.35347222222222224 0.01875 0.10138888888888889
0 0.06171875 0.2791666666666667 0.0171875 0.03333333333333333
0 0.567578125 0.2923611111111111 0.01953125 0.0625
1 0.060546875 0.5430555555555555 0.04296875 0.11388888888888889
1 0.323828125 0.32569444444444445 0.01640625 0.043055555555555555
1 0.3328125 0.3875 0.01875 0.06666666666666667
1 0.341796875 0.34097222222222223 0.01796875 0.04583333333333333