1 0.241015625 0.3368055555555556 0.02265625 0.06527777777777778
1 0.773828125 0.5965277777777778 0.03828125 0.1375
1 0.7203125 0.5069444444444444 0.0328125 0.12777777777777777
1 0.244140625 0.39652777777777776 0.02421875 0.08194444444444444
0 0.16640625 0.46319444444444446 0.0265625 0.11527777777777778
1 1.116796875 0.3645833333333333 0.02109375 0.07916666666666666
1 1.16484375 0.375 0.028125 0.10277777777777777
1 0.337890625 0.36319444444444443 0.02421875 0.08472222222222223
1 1.21875 0.38472222222222224 0.025 0.10277777777777777
0 0.047265625 0.275 0.02265625 0.058333333333333334
1 1.117578125 0.33055555555555555 0.01640625 0.06944444444444445
0 0.058984375 0.30277777777777776 0.02265625 0.044444444444444446
1 0.314453125 0.35138888888888886 0.01640625 0.08055555555555556