1 0.934375 0.36875 0.0265625 0.08472222222222223
0 1.170703125 0.49583333333333335 0.02578125 0.10277777777777777
1 0.893359375 0.3347222222222222 0.02578125 0.075
1 1.146484375 0.36875 0.02734375 0.10416666666666667
1 1.2203125 0.38125 0.0234375 0.10416666666666667
1 0.256640625 0.32569444444444445 0.01796875 0.07083333333333333
1 1.108984375 0.42430555555555555 0.03515625 0.1125
1 0.259765625 0.30416666666666664 0.01796875 0.05555555555555555
0 0.12109375 0.4527777777777778 0.0265625 0.1111111111111111
1 1.08359375 0.5381944444444444 0.0234375 0.08194444444444444
0 0.14296875 0.42083333333333334 0.025 0.08055555555555556
1 0.344921875 0.41458333333333336 0.02109375 0.07361111111111111