0 0.681640625 0.6159722222222223 0.03515625 0.13194444444444445
1 0.287109375 0.2777777777777778 0.01484375 0.05277777777777778
1 1.115625 0.3659722222222222 0.0203125 0.0763888888888889
0 0.062109375 0.29375 0.01796875 0.04583333333333333
1 1.11953125 0.3298611111111111 0.0171875 0.06805555555555555
1 0.308203125 0.2972222222222222 0.01953125 0.04722222222222222
1 1.2203125 0.3854166666666667 0.0234375 0.10138888888888889
1 0.3140625 0.35833333333333334 0.0140625 0.06666666666666667
1 1.137109375 0.3645833333333333 0.01953125 0.09027777777777778
1 0.36953125 0.28194444444444444 0.015625 0.06111111111111111
0 0.19296875 0.3659722222222222 0.0171875 0.09027777777777778
0 0.676171875 0.5666666666666667 0.02421875 0.10277777777777777