0 0.9953125 0.5277777777777778 0.034375 0.11944444444444445
1 1.142578125 0.3784722222222222 0.02578125 0.07361111111111111
1 0.738671875 0.3333333333333333 0.02265625 0.07777777777777778
0 0.68828125 0.2916666666666667 0.01875 0.05555555555555555
1 0.912109375 0.46111111111111114 0.02265625 0.1111111111111111
1 1.21953125 0.38333333333333336 0.0234375 0.10277777777777777
1 0.1671875 0.47430555555555554 0.0296875 0.13472222222222222
1 0.3890625 0.3923611111111111 0.01875 0.06805555555555555
1 0.7296875 0.30972222222222223 0.015625 0.05277777777777778
0 0.691796875 0.3125 0.02109375 0.05555555555555555
0 0.031640625 0.25763888888888886 0.01796875 0.06805555555555555
1 1.11640625 0.5666666666666667 0.0203125 0.08055555555555556