1 0.280078125 0.2798611111111111 0.01640625 0.04861111111111111
1 1.116015625 0.3625 0.02109375 0.08055555555555556
0 0.096484375 0.2972222222222222 0.02109375 0.04722222222222222
1 1.22109375 0.38333333333333336 0.0234375 0.10277777777777777
1 0.364453125 0.28958333333333336 0.01640625 0.07083333333333333
0 0.69375 0.6138888888888889 0.0296875 0.13055555555555556
1 0.29921875 0.3090277777777778 0.0203125 0.04861111111111111
1 1.11953125 0.3298611111111111 0.0171875 0.06805555555555555
0 0.189453125 0.3770833333333333 0.01796875 0.09305555555555556
1 0.312109375 0.35208333333333336 0.01484375 0.05416666666666667
1 1.139453125 0.3638888888888889 0.02109375 0.08333333333333333
1 0.675390625 0.5118055555555555 0.02265625 0.12361111111111112
1 0.67109375 0.4583333333333333 0.0140625 0.05
0 0.190625 0.4041666666666667 0.0140625 0.06111111111111111