1 1.14453125 0.3715277777777778 0.028125 0.09583333333333334
0 1.19609375 0.4909722222222222 0.0359375 0.11805555555555555
1 1.220703125 0.38125 0.02265625 0.10416666666666667
1 0.93515625 0.3736111111111111 0.021875 0.07222222222222222
0 0.15078125 0.4583333333333333 0.0328125 0.06944444444444445
1 0.221484375 0.3104166666666667 0.01796875 0.05694444444444444
1 0.923828125 0.32222222222222224 0.02109375 0.075
1 1.119921875 0.42291666666666666 0.02421875 0.11805555555555555
0 0.0140625 0.3194444444444444 0.025 0.05277777777777778
0 0.132421875 0.45625 0.02265625 0.06527777777777778
1 0.927734375 0.34930555555555554 0.02265625 0.07083333333333333