1 0.934765625 0.3680555555555556 0.02578125 0.08333333333333333
0 1.16875 0.4965277777777778 0.0265625 0.10416666666666667
1 1.14609375 0.3680555555555556 0.0265625 0.10277777777777777
1 0.892578125 0.33402777777777776 0.02578125 0.07916666666666666
1 0.26328125 0.3284722222222222 0.025 0.06805555555555555
1 1.104296875 0.42430555555555555 0.02890625 0.10972222222222222
1 1.220703125 0.38055555555555554 0.02421875 0.10555555555555556
1 0.2640625 0.30416666666666664 0.0203125 0.05
1 0.353515625 0.42291666666666666 0.01953125 0.05416666666666667
1 0.115234375 0.45555555555555555 0.02265625 0.1111111111111111
1 0.134375 0.45 0.0421875 0.13333333333333333