1 0.854296875 0.3541666666666667 0.02421875 0.07777777777777778
1 1.1453125 0.36666666666666664 0.0265625 0.10277777777777777
1 1.00703125 0.44375 0.0359375 0.12638888888888888
0 1.0765625 0.5159722222222223 0.0296875 0.12083333333333333
1 1.2203125 0.3819444444444444 0.025 0.10555555555555556
1 0.285546875 0.40902777777777777 0.02890625 0.10694444444444444
0 0.789453125 0.325 0.01640625 0.07222222222222222
1 0.41015625 0.38958333333333334 0.0171875 0.07916666666666666
0 0.7875 0.30069444444444443 0.015625 0.05138888888888889
1 0.404296875 0.3298611111111111 0.01484375 0.04027777777777778
1 0.853125 0.33402777777777776 0.015625 0.06527777777777778