1 1.009765625 0.5277777777777778 0.03671875 0.1361111111111111
1 1.14375 0.3736111111111111 0.025 0.08333333333333333
1 0.94140625 0.46875 0.028125 0.09583333333333334
1 0.780078125 0.35208333333333336 0.02109375 0.07083333333333333
1 0.228125 0.4534722222222222 0.0484375 0.1125
0 0.720703125 0.2951388888888889 0.01640625 0.05694444444444444
1 1.219921875 0.38263888888888886 0.02421875 0.10694444444444444
1 0.77421875 0.32569444444444445 0.0171875 0.059722222222222225
1 0.401171875 0.38958333333333334 0.01796875 0.06805555555555555
0 0.02890625 0.2513888888888889 0.01875 0.06666666666666667
1 0.939453125 0.42430555555555555 0.01953125 0.06805555555555555