1 0.283984375 0.34444444444444444 0.01953125 0.06666666666666667
0 0.131640625 0.29097222222222224 0.01640625 0.04583333333333333
1 0.273828125 0.29375 0.02109375 0.05416666666666667
0 0.713671875 0.6083333333333333 0.03203125 0.14166666666666666
1 1.116796875 0.36319444444444443 0.02109375 0.08194444444444444
1 1.2203125 0.3840277777777778 0.0234375 0.10416666666666667
1 0.35859375 0.2951388888888889 0.015625 0.0625
0 0.18515625 0.39444444444444443 0.0234375 0.10555555555555556
1 0.6859375 0.5159722222222223 0.025 0.11805555555555555
0 0.714453125 0.55 0.02578125 0.07222222222222222
1 0.310546875 0.35555555555555557 0.01796875 0.06111111111111111
1 1.120703125 0.33819444444444446 0.01953125 0.07916666666666666
1 0.279296875 0.3215277777777778 0.02265625 0.07916666666666666
1 0.308203125 0.31319444444444444 0.02265625 0.05138888888888889