1 0.8171875 0.35138888888888886 0.034375 0.08333333333333333
1 1.145703125 0.36666666666666664 0.02734375 0.1
1 0.969921875 0.4583333333333333 0.02734375 0.10833333333333334
0 1.03125 0.5201388888888889 0.03125 0.12638888888888888
1 0.398046875 0.325 0.01640625 0.03888888888888889
1 0.26015625 0.4375 0.034375 0.11944444444444445
1 0.748046875 0.3194444444444444 0.02109375 0.06111111111111111
1 1.21953125 0.3819444444444444 0.0234375 0.10555555555555556
1 0.407421875 0.38819444444444445 0.01953125 0.07083333333333333
1 0.744921875 0.2916666666666667 0.01796875 0.05555555555555555
0 0.02578125 0.2548611111111111 0.015625 0.059722222222222225