0 1.1515625 0.49930555555555556 0.0296875 0.11805555555555555
1 1.1453125 0.3638888888888889 0.0265625 0.10833333333333334
1 1.063671875 0.43194444444444446 0.03203125 0.11944444444444445
1 0.29453125 0.3576388888888889 0.025 0.09583333333333334
1 0.859765625 0.32916666666666666 0.02109375 0.09166666666666666
1 0.9171875 0.3625 0.025 0.09166666666666666
1 1.221484375 0.37916666666666665 0.03046875 0.12222222222222222
1 0.403515625 0.39305555555555555 0.01640625 0.07222222222222222
1 0.8578125 0.30625 0.015625 0.05694444444444444
0 0.00625 0.24305555555555555 0.0109375 0.06388888888888888
0 0.00859375 0.6138888888888889 0.0140625 0.06944444444444445
0 0.03125 0.6097222222222223 0.04375 0.06111111111111111