1 0.23984375 0.40555555555555556 0.025 0.09166666666666666
1 1.16875 0.3715277777777778 0.0296875 0.10138888888888889
0 0.78125 0.5958333333333333 0.028125 0.13333333333333333
1 0.724609375 0.5083333333333333 0.03046875 0.12777777777777777
1 1.11640625 0.36041666666666666 0.021875 0.0875
1 0.231640625 0.33958333333333335 0.01796875 0.059722222222222225
1 1.21875 0.3854166666666667 0.025 0.10416666666666667
1 0.31484375 0.35208333333333336 0.015625 0.07361111111111111
1 0.333203125 0.36527777777777776 0.02265625 0.08888888888888889
0 0.071875 0.2881944444444444 0.0203125 0.04027777777777778
0 0.158984375 0.46597222222222223 0.03046875 0.12361111111111112
0 0.068359375 0.2743055555555556 0.01640625 0.04861111111111111