1 0.246484375 0.39166666666666666 0.02578125 0.08888888888888889
1 0.768359375 0.5972222222222222 0.04296875 0.15
1 0.244140625 0.3326388888888889 0.02265625 0.0625
1 0.71640625 0.5125 0.0328125 0.11666666666666667
1 1.11640625 0.3638888888888889 0.0203125 0.07777777777777778
1 0.3390625 0.33055555555555555 0.01875 0.06388888888888888
1 1.219921875 0.38472222222222224 0.02421875 0.10277777777777777
0 0.03203125 0.2743055555555556 0.01875 0.05416666666666667
0 0.169921875 0.45625 0.02578125 0.13472222222222222
1 1.162109375 0.3784722222222222 0.02109375 0.08472222222222223
1 1.117578125 0.33055555555555555 0.01640625 0.06944444444444445
1 0.31484375 0.35694444444444445 0.015625 0.08333333333333333