1 0.7578125 0.5993055555555555 0.040625 0.14305555555555555
1 0.255859375 0.37569444444444444 0.02421875 0.07916666666666666
1 1.116796875 0.36527777777777776 0.02109375 0.075
0 0.201171875 0.25763888888888886 0.01796875 0.04861111111111111
0 0.009375 0.28541666666666665 0.0171875 0.04861111111111111
1 1.21953125 0.38472222222222224 0.0234375 0.10277777777777777
1 0.3453125 0.3451388888888889 0.01875 0.08194444444444444
1 1.159765625 0.3784722222222222 0.02109375 0.0763888888888889
1 1.11875 0.33055555555555555 0.015625 0.06944444444444445
1 0.7125 0.48125 0.0234375 0.09861111111111111
0 0.175 0.4388888888888889 0.025 0.10833333333333334
1 0.347265625 0.3215277777777778 0.01484375 0.05694444444444444
1 0.7125 0.5277777777777778 0.0234375 0.09722222222222222
1 0.313671875 0.3576388888888889 0.01484375 0.08194444444444444