1 1.020703125 0.43819444444444444 0.02890625 0.12083333333333333
1 0.81328125 0.3263888888888889 0.0265625 0.075
1 1.1453125 0.36666666666666664 0.0265625 0.10277777777777777
1 0.866015625 0.35555555555555557 0.01953125 0.08055555555555556
1 1.102734375 0.5069444444444444 0.03671875 0.11666666666666667
1 0.410546875 0.38958333333333334 0.01953125 0.06805555555555555
1 0.282421875 0.3958333333333333 0.02109375 0.10833333333333334
1 1.219921875 0.3819444444444444 0.02421875 0.10555555555555556
1 0.809765625 0.3020833333333333 0.01796875 0.05138888888888889
1 0.865625 0.33194444444444443 0.0140625 0.06388888888888888
1 1.125 0.5347222222222222 0.03125 0.09166666666666666