1 1.15 0.36944444444444446 0.028125 0.09444444444444444
1 0.7390625 0.6041666666666666 0.040625 0.1388888888888889
1 0.269921875 0.36041666666666666 0.01796875 0.07916666666666666
1 0.262890625 0.3090277777777778 0.02109375 0.05416666666666667
0 0.1734375 0.27361111111111114 0.01875 0.044444444444444446
1 1.116015625 0.3597222222222222 0.02109375 0.08611111111111111
1 0.353515625 0.3159722222222222 0.01796875 0.0625
1 0.31328125 0.35625 0.015625 0.07361111111111111
0 0.182421875 0.41388888888888886 0.02109375 0.10277777777777777
1 0.698828125 0.5083333333333333 0.02734375 0.1361111111111111
1 1.21953125 0.3854166666666667 0.0234375 0.10138888888888889
0 0.2 0.3104166666666667 0.01875 0.04861111111111111