0 0.68125 0.6111111111111112 0.03125 0.14166666666666666
1 1.116015625 0.3645833333333333 0.02109375 0.0763888888888889
1 0.284765625 0.28125 0.01484375 0.05138888888888889
1 0.313671875 0.35694444444444445 0.01484375 0.06388888888888888
1 1.220703125 0.3854166666666667 0.02265625 0.10416666666666667
1 0.368359375 0.2881944444444444 0.01640625 0.06527777777777778
1 0.305859375 0.2986111111111111 0.01953125 0.05
0 0.194140625 0.36944444444444446 0.01953125 0.09166666666666666
1 1.11953125 0.33055555555555555 0.0171875 0.06944444444444445
0 0.07421875 0.2972222222222222 0.0296875 0.04722222222222222
1 1.139453125 0.36527777777777776 0.02109375 0.07777777777777778
0 0.676171875 0.5576388888888889 0.02265625 0.06805555555555555