1 0.82890625 0.35625 0.0359375 0.07916666666666666
0 1.039453125 0.5145833333333333 0.03671875 0.12361111111111112
1 1.144921875 0.36666666666666664 0.02578125 0.1
1 0.75625 0.31805555555555554 0.0234375 0.07222222222222222
1 0.26875 0.43333333333333335 0.034375 0.12222222222222222
1 1.220703125 0.38263888888888886 0.02421875 0.10694444444444444
1 0.4078125 0.3888888888888889 0.01875 0.075
1 0.975390625 0.45694444444444443 0.02421875 0.10555555555555556
1 0.753515625 0.29097222222222224 0.01796875 0.05138888888888889
0 0.024609375 0.2548611111111111 0.01484375 0.059722222222222225
1 0.39921875 0.33194444444444443 0.0171875 0.041666666666666664