1 1.059765625 0.43333333333333335 0.03046875 0.12222222222222222
1 0.85546875 0.32916666666666666 0.028125 0.08055555555555556
1 0.293359375 0.36527777777777776 0.02265625 0.1
0 1.1484375 0.4965277777777778 0.0296875 0.11527777777777778
1 1.145703125 0.3659722222222222 0.02578125 0.10416666666666667
1 0.91171875 0.3548611111111111 0.028125 0.09027777777777778
1 0.405078125 0.39305555555555555 0.01640625 0.07222222222222222
1 1.222265625 0.3798611111111111 0.03046875 0.12083333333333333
0 0.00625 0.24722222222222223 0.0109375 0.06666666666666667
1 0.398828125 0.34375 0.01328125 0.05138888888888889
1 1.09921875 0.5388888888888889 0.025 0.07222222222222222
0 0.005859375 0.2875 0.01171875 0.044444444444444446