0 0.778515625 0.59375 0.03046875 0.13472222222222222
1 1.167578125 0.37222222222222223 0.02890625 0.10277777777777777
1 0.2375 0.3388888888888889 0.021875 0.058333333333333334
1 0.3359375 0.36527777777777776 0.0234375 0.08333333333333333
1 1.11640625 0.3611111111111111 0.021875 0.08333333333333333
1 0.723046875 0.5104166666666666 0.03203125 0.12361111111111112
1 0.2421875 0.3993055555555556 0.0203125 0.09027777777777778
1 1.21875 0.3854166666666667 0.025 0.10416666666666667
0 0.057421875 0.2875 0.01640625 0.04722222222222222
0 0.16484375 0.46041666666666664 0.025 0.1125
1 0.315234375 0.3506944444444444 0.01484375 0.0763888888888889
1 0.33671875 0.33958333333333335 0.01875 0.059722222222222225