0 0.743359375 0.6034722222222222 0.03046875 0.1375
1 0.265625 0.3638888888888889 0.0203125 0.07222222222222222
1 0.261328125 0.31180555555555556 0.02421875 0.059722222222222225
1 1.152734375 0.3715277777777778 0.02734375 0.09027777777777778
1 1.116015625 0.36180555555555555 0.02109375 0.08472222222222223
1 0.351171875 0.31666666666666665 0.01796875 0.06388888888888888
0 0.18359375 0.2743055555555556 0.0203125 0.05138888888888889
0 0.180078125 0.425 0.02578125 0.10555555555555556
1 0.70234375 0.5083333333333333 0.028125 0.12222222222222222
1 0.314453125 0.35555555555555557 0.01484375 0.07222222222222222
1 1.21953125 0.3854166666666667 0.0234375 0.10138888888888889
0 0.205859375 0.3076388888888889 0.02109375 0.04583333333333333
0 0.7453125 0.5527777777777778 0.028125 0.08611111111111111
1 1.119140625 0.33402777777777776 0.01640625 0.0763888888888889
1 0.70078125 0.4583333333333333 0.015625 0.05277777777777778