1 1.148828125 0.36736111111111114 0.02421875 0.10138888888888889
1 0.271875 0.35347222222222224 0.01875 0.0763888888888889
1 0.3546875 0.3145833333333333 0.0171875 0.0625
0 0.166796875 0.28402777777777777 0.01796875 0.04861111111111111
1 1.116015625 0.36041666666666666 0.02109375 0.0875
0 0.73515625 0.6083333333333333 0.0390625 0.12222222222222222
1 1.219921875 0.38472222222222224 0.02421875 0.10555555555555556
0 0.183203125 0.4125 0.02109375 0.09722222222222222
1 0.700390625 0.5138888888888888 0.02734375 0.12777777777777777
1 0.26328125 0.29791666666666666 0.01875 0.04583333333333333
1 0.31328125 0.35833333333333334 0.015625 0.07777777777777778