1 1.058203125 0.4340277777777778 0.02890625 0.12083333333333333
1 1.145703125 0.3659722222222222 0.02578125 0.10416666666666667
1 0.2921875 0.3645833333333333 0.021875 0.09861111111111111
1 0.9109375 0.3576388888888889 0.028125 0.08472222222222223
0 1.148828125 0.4965277777777778 0.02890625 0.11527777777777778
1 0.855078125 0.32916666666666666 0.02734375 0.07777777777777778
1 0.405078125 0.39305555555555555 0.01640625 0.07222222222222222
1 1.222265625 0.3798611111111111 0.03046875 0.12083333333333333
0 0.007421875 0.24513888888888888 0.01171875 0.06805555555555555
1 1.1 0.5395833333333333 0.025 0.07083333333333333
1 0.398828125 0.34305555555555556 0.01328125 0.05277777777777778
0 0.006640625 0.29097222222222224 0.01171875 0.043055555555555555