1 0.7546875 0.6020833333333333 0.0359375 0.12638888888888888
1 0.25859375 0.3770833333333333 0.021875 0.08194444444444444
1 1.11640625 0.3638888888888889 0.0203125 0.07777777777777778
1 1.158203125 0.36944444444444446 0.02421875 0.09444444444444444
1 1.22265625 0.3784722222222222 0.028125 0.12083333333333333
1 0.348828125 0.32708333333333334 0.01640625 0.06527777777777778
1 0.711328125 0.5006944444444444 0.02421875 0.12361111111111112
0 0.1765625 0.4361111111111111 0.0234375 0.11388888888888889
1 1.11875 0.33194444444444443 0.015625 0.07222222222222222
1 0.255078125 0.3277777777777778 0.01953125 0.08055555555555556
1 0.314453125 0.35694444444444445 0.01328125 0.07777777777777778
1 0.007421875 0.2951388888888889 0.01328125 0.0375