1 0.24609375 0.3923611111111111 0.025 0.09027777777777778
1 0.769140625 0.5958333333333333 0.04140625 0.15
1 0.244140625 0.33402777777777776 0.02109375 0.059722222222222225
1 0.7171875 0.5111111111111111 0.0328125 0.11944444444444445
1 1.11640625 0.3645833333333333 0.0203125 0.0763888888888889
0 0.169140625 0.4576388888888889 0.02734375 0.13194444444444445
1 1.219921875 0.3854166666666667 0.02421875 0.10416666666666667
1 0.33828125 0.33194444444444443 0.01875 0.06388888888888888
0 0.03671875 0.2791666666666667 0.025 0.06111111111111111
1 1.117578125 0.33055555555555555 0.01640625 0.06944444444444445
1 1.163671875 0.36875 0.02265625 0.10138888888888889
1 0.3140625 0.35694444444444445 0.015625 0.08055555555555556