1 0.935546875 0.3680555555555556 0.02421875 0.08333333333333333
1 1.1453125 0.3729166666666667 0.0265625 0.09583333333333334
1 1.220703125 0.38055555555555554 0.02421875 0.10555555555555556
1 1.178515625 0.49027777777777776 0.02734375 0.11666666666666667
1 0.904296875 0.34305555555555556 0.01953125 0.06944444444444445
1 1.11640625 0.42777777777777776 0.025 0.10833333333333334
1 0.22734375 0.31527777777777777 0.0203125 0.058333333333333334
0 0.0046875 0.30277777777777776 0.009375 0.058333333333333334
1 0.903125 0.3159722222222222 0.0171875 0.0625
0 0.155859375 0.45416666666666666 0.04296875 0.1
1 0.294140625 0.41805555555555557 0.01640625 0.07222222222222222