0 1.15625 0.4965277777777778 0.03125 0.12083333333333333
1 1.145703125 0.36875 0.02578125 0.10138888888888889
1 0.872265625 0.3326388888888889 0.02578125 0.0763888888888889
1 0.926953125 0.3729166666666667 0.02734375 0.07083333333333333
1 1.2203125 0.38263888888888886 0.025 0.10416666666666667
1 1.068359375 0.42569444444444443 0.02421875 0.12638888888888888
1 0.2984375 0.34791666666666665 0.0265625 0.0875
1 0.060546875 0.4888888888888889 0.04921875 0.1111111111111111
1 0.030859375 0.55 0.05546875 0.11666666666666667
1 0.86796875 0.30416666666666664 0.0140625 0.05277777777777778
0 0.005859375 0.25069444444444444 0.01015625 0.05416666666666667