1 1.145703125 0.36666666666666664 0.02734375 0.10277777777777777
1 1.0421875 0.43680555555555556 0.034375 0.12361111111111112
1 0.8875 0.35694444444444445 0.021875 0.08055555555555556
1 0.284375 0.3770833333333333 0.0203125 0.10138888888888889
1 0.8375 0.33194444444444443 0.0203125 0.07222222222222222
1 1.21953125 0.38263888888888886 0.025 0.10416666666666667
1 0.409375 0.38958333333333334 0.01875 0.06805555555555555
1 1.116015625 0.5423611111111111 0.02578125 0.08194444444444444
1 0.833984375 0.3055555555555556 0.01484375 0.05277777777777778
1 1.12734375 0.47638888888888886 0.028125 0.08333333333333333
1 1.13203125 0.5125 0.028125 0.10555555555555556
0 0.0078125 0.24722222222222223 0.0140625 0.07222222222222222
0 0.091015625 0.5354166666666667 0.02890625 0.14027777777777778