1 0.27578125 0.35138888888888886 0.0203125 0.07777777777777778
0 0.184375 0.4083333333333333 0.025 0.10833333333333334
0 0.730859375 0.6076388888888888 0.03046875 0.13194444444444445
0 0.15625 0.28194444444444444 0.0171875 0.044444444444444446
1 1.116015625 0.3611111111111111 0.02109375 0.08333333333333333
1 1.220703125 0.38333333333333336 0.02421875 0.10555555555555556
1 0.26953125 0.3020833333333333 0.0203125 0.05694444444444444
1 0.355078125 0.3020833333333333 0.01640625 0.05416666666666667
1 0.69375 0.5138888888888888 0.025 0.125
1 0.313671875 0.35833333333333334 0.01640625 0.07222222222222222
1 1.146484375 0.36319444444444443 0.01796875 0.10416666666666667
0 0.728515625 0.5548611111111111 0.02578125 0.0763888888888889
1 0.35546875 0.32916666666666666 0.015625 0.05277777777777778
1 1.11875 0.33402777777777776 0.0203125 0.07083333333333333