0 0.966015625 0.55625 0.03203125 0.13194444444444445
1 1.14765625 0.36527777777777776 0.0328125 0.09166666666666666
1 0.844140625 0.4798611111111111 0.02890625 0.1375
1 0.024609375 0.5270833333333333 0.04453125 0.11527777777777778
1 1.1234375 0.35833333333333334 0.0234375 0.09166666666666666
0 0.0421875 0.25833333333333336 0.0203125 0.06388888888888888
1 0.623046875 0.31666666666666665 0.01796875 0.05277777777777778
1 1.21953125 0.3854166666666667 0.0234375 0.10416666666666667
1 0.619921875 0.28958333333333336 0.01640625 0.04583333333333333
1 0.34296875 0.32569444444444445 0.015625 0.0375
0 1.12265625 0.3277777777777778 0.015625 0.06666666666666667