1 0.25859375 0.375 0.0203125 0.08055555555555556
0 0.751171875 0.5972222222222222 0.02890625 0.1388888888888889
1 1.11640625 0.3645833333333333 0.0203125 0.07916666666666666
1 1.156640625 0.37430555555555556 0.02734375 0.0875
1 1.219921875 0.38472222222222224 0.02421875 0.10277777777777777
1 0.348828125 0.34305555555555556 0.01796875 0.07222222222222222
1 0.70859375 0.5076388888888889 0.0265625 0.12361111111111112
0 0.1765625 0.42777777777777776 0.021875 0.1111111111111111
1 0.350390625 0.3138888888888889 0.01484375 0.058333333333333334
0 0.205078125 0.2986111111111111 0.01484375 0.041666666666666664
1 1.119140625 0.33194444444444443 0.01484375 0.07222222222222222
1 0.257421875 0.32569444444444445 0.01953125 0.07361111111111111
1 0.314453125 0.35694444444444445 0.01328125 0.075
0 0.191796875 0.2520833333333333 0.01484375 0.04583333333333333
1 0.012890625 0.34444444444444444 0.02109375 0.027777777777777776