0 0.696875 0.6236111111111111 0.034375 0.10833333333333334
1 0.27890625 0.2826388888888889 0.0171875 0.05416666666666667
1 1.116015625 0.36319444444444443 0.02109375 0.08194444444444444
0 0.096484375 0.29791666666666666 0.01796875 0.04861111111111111
1 0.297265625 0.3236111111111111 0.01796875 0.06666666666666667
1 1.2203125 0.3840277777777778 0.0234375 0.10416666666666667
1 0.36328125 0.2923611111111111 0.0171875 0.07083333333333333
1 0.314453125 0.3541666666666667 0.01484375 0.058333333333333334
1 0.676171875 0.5111111111111111 0.02734375 0.13055555555555556
1 1.11953125 0.33125 0.0171875 0.07083333333333333
0 0.188671875 0.3798611111111111 0.01796875 0.09027777777777778
1 1.139453125 0.3645833333333333 0.02109375 0.08472222222222223
1 0.30703125 0.3111111111111111 0.0203125 0.05277777777777778