1 0.704296875 0.60625 0.04765625 0.1597222222222222
1 0.27734375 0.29097222222222224 0.01875 0.05416666666666667
1 0.6796875 0.5118055555555555 0.0296875 0.13194444444444445
1 0.363671875 0.29375 0.01953125 0.059722222222222225
0 0.114453125 0.28958333333333336 0.03046875 0.06805555555555555
1 1.2203125 0.3840277777777778 0.0234375 0.10416666666666667
1 1.116015625 0.36319444444444443 0.02109375 0.08194444444444444
0 0.18671875 0.38125 0.021875 0.09861111111111111
1 0.291015625 0.32708333333333334 0.01953125 0.06527777777777778
1 1.11953125 0.3326388888888889 0.0171875 0.07083333333333333
1 0.3125 0.3576388888888889 0.015625 0.06527777777777778