1 0.2734375 0.35208333333333336 0.01875 0.0763888888888889
0 0.164453125 0.28402777777777777 0.01796875 0.04861111111111111
0 0.18359375 0.4097222222222222 0.0234375 0.10555555555555556
1 1.116015625 0.3597222222222222 0.02109375 0.08611111111111111
0 0.73203125 0.6076388888888888 0.03125 0.13194444444444445
1 1.220703125 0.3840277777777778 0.02421875 0.10416666666666667
1 0.354296875 0.3055555555555556 0.01796875 0.058333333333333334
1 1.1484375 0.3625 0.021875 0.10555555555555556
1 0.698046875 0.5152777777777777 0.02421875 0.125
1 0.31328125 0.3576388888888889 0.015625 0.07361111111111111
1 0.26796875 0.29930555555555555 0.0203125 0.05138888888888889
0 0.73046875 0.5555555555555556 0.028125 0.07777777777777778