1 0.75625 0.6020833333333333 0.0375 0.12916666666666668
1 0.257421875 0.3736111111111111 0.02265625 0.08055555555555556
1 1.11640625 0.3645833333333333 0.0203125 0.0763888888888889
1 1.15859375 0.37083333333333335 0.0234375 0.09166666666666666
0 0.01015625 0.2916666666666667 0.01875 0.06111111111111111
1 1.223828125 0.3784722222222222 0.02890625 0.12083333333333333
0 0.176953125 0.4395833333333333 0.02578125 0.1125
1 0.34765625 0.32916666666666666 0.0171875 0.06944444444444445
1 1.11875 0.3326388888888889 0.015625 0.07083333333333333
1 0.7109375 0.5118055555555555 0.0234375 0.12083333333333333
0 0.198828125 0.25763888888888886 0.01484375 0.05138888888888889
1 0.31328125 0.35694444444444445 0.0140625 0.08055555555555556