1 0.245703125 0.3923611111111111 0.02578125 0.09027777777777778
1 0.76953125 0.5965277777777778 0.040625 0.15138888888888888
1 0.243359375 0.33402777777777776 0.02109375 0.0625
0 0.169140625 0.4576388888888889 0.02734375 0.12638888888888888
1 0.718359375 0.5097222222222222 0.03359375 0.12222222222222222
1 1.11640625 0.3645833333333333 0.0203125 0.0763888888888889
1 1.219140625 0.38472222222222224 0.02421875 0.10277777777777777
1 0.337890625 0.33194444444444443 0.01953125 0.06388888888888888
1 1.16484375 0.38055555555555554 0.025 0.09166666666666666
1 1.117578125 0.33125 0.01640625 0.07083333333333333
0 0.041796875 0.2791666666666667 0.02578125 0.06111111111111111
1 0.3375 0.36041666666666666 0.0234375 0.08472222222222223