1 0.759765625 0.5972222222222222 0.04140625 0.14166666666666666
1 0.25390625 0.37569444444444444 0.0234375 0.08472222222222223
1 1.115625 0.3659722222222222 0.0203125 0.0763888888888889
1 0.34609375 0.34375 0.0203125 0.08194444444444444
1 1.21953125 0.3854166666666667 0.0234375 0.10138888888888889
1 1.16015625 0.38263888888888886 0.0203125 0.07361111111111111
0 0.0109375 0.2902777777777778 0.0203125 0.05277777777777778
1 1.11875 0.33055555555555555 0.015625 0.06944444444444445
0 0.20234375 0.25763888888888886 0.0171875 0.04861111111111111
1 0.71328125 0.50625 0.025 0.12361111111111112
0 0.17421875 0.4423611111111111 0.025 0.10972222222222222