1 1.010546875 0.5284722222222222 0.03359375 0.12916666666666668
1 0.94296875 0.46597222222222223 0.028125 0.09861111111111111
1 1.14375 0.3736111111111111 0.025 0.08333333333333333
1 0.781640625 0.35347222222222224 0.02109375 0.06805555555555555
1 0.233984375 0.45555555555555555 0.05390625 0.12777777777777777
0 0.722265625 0.29305555555555557 0.01796875 0.058333333333333334
1 1.219921875 0.38263888888888886 0.02421875 0.10694444444444444
1 0.40078125 0.38958333333333334 0.01875 0.06805555555555555
0 0.029296875 0.2513888888888889 0.01953125 0.06666666666666667
1 0.77578125 0.325 0.0171875 0.058333333333333334
0 0.725 0.3138888888888889 0.01875 0.058333333333333334