1 1.17421875 0.49583333333333335 0.0296875 0.10833333333333334
1 0.935546875 0.3680555555555556 0.02578125 0.08333333333333333
1 1.145703125 0.3701388888888889 0.02734375 0.09861111111111111
1 1.1125 0.4236111111111111 0.0265625 0.11388888888888889
1 0.237109375 0.31666666666666665 0.01796875 0.06111111111111111
1 0.89765625 0.33958333333333335 0.01875 0.07083333333333333
1 1.220703125 0.38055555555555554 0.02421875 0.10555555555555556
1 0.90078125 0.3125 0.0171875 0.06111111111111111
1 1.08046875 0.5361111111111111 0.0203125 0.07777777777777778
0 0.15546875 0.4486111111111111 0.046875 0.12222222222222222
1 0.00625 0.2743055555555556 0.0109375 0.043055555555555555