1 0.79375 0.34652777777777777 0.0296875 0.08194444444444444
1 1.144921875 0.3701388888888889 0.02734375 0.09583333333333334
0 0.72890625 0.2916666666666667 0.0171875 0.05
1 0.959375 0.46319444444444446 0.0375 0.09583333333333334
0 1.01953125 0.5166666666666667 0.0296875 0.11388888888888889
0 0.73359375 0.32708333333333334 0.0171875 0.05138888888888889
1 1.21953125 0.3819444444444444 0.0234375 0.10555555555555556
1 0.245703125 0.4513888888888889 0.03828125 0.13055555555555556
1 0.39609375 0.3298611111111111 0.0140625 0.04027777777777778
1 0.4046875 0.3875 0.0171875 0.075
0 0.028125 0.2513888888888889 0.01875 0.07222222222222222
1 0.990234375 1.3916666666666666 0.07734375 0.1638888888888889