1 1.16875 0.36736111111111114 0.028125 0.10694444444444444
0 0.78515625 0.5951388888888889 0.028125 0.13472222222222222
1 0.2375 0.40347222222222223 0.0203125 0.08472222222222223
1 1.117578125 0.36041666666666666 0.02265625 0.09027777777777778
1 0.227734375 0.3375 0.01796875 0.058333333333333334
1 0.72421875 0.5118055555555555 0.028125 0.12083333333333333
1 0.332421875 0.3736111111111111 0.02421875 0.09722222222222222
1 1.219140625 0.3854166666666667 0.02421875 0.10416666666666667
0 0.156640625 0.4736111111111111 0.02890625 0.11944444444444445
1 0.315625 0.35138888888888886 0.015625 0.07222222222222222
0 0.078515625 0.27291666666666664 0.01796875 0.05138888888888889