1 1.109765625 0.35833333333333334 0.02265625 0.09166666666666666
1 0.508984375 0.28680555555555554 0.01796875 0.04861111111111111
0 0.915625 0.5756944444444444 0.034375 0.13472222222222222
1 1.219921875 0.3840277777777778 0.02421875 0.10416666666666667
1 0.311328125 0.3763888888888889 0.01796875 0.06666666666666667
1 1.161328125 0.36180555555555555 0.02421875 0.09583333333333334
1 0.53203125 0.2881944444444444 0.015625 0.04583333333333333
1 0.7890625 0.5111111111111111 0.0234375 0.10833333333333334
1 0.176953125 0.5347222222222222 0.04296875 0.14444444444444443
0 0.916796875 0.5340277777777778 0.02421875 0.06805555555555555
0 0.09296875 0.2826388888888889 0.0125 0.03194444444444444
1 0.517578125 0.2847222222222222 0.02421875 0.04722222222222222