1 1.1453125 0.36666666666666664 0.0265625 0.1
1 1.021875 0.4375 0.0265625 0.11666666666666667
1 0.866796875 0.35555555555555557 0.01953125 0.08055555555555556
1 0.816015625 0.33402777777777776 0.02265625 0.06527777777777778
1 0.2828125 0.3861111111111111 0.0234375 0.10555555555555556
1 0.811328125 0.3013888888888889 0.01640625 0.05
1 0.410546875 0.3888888888888889 0.01953125 0.06944444444444445
1 1.21953125 0.3819444444444444 0.025 0.10277777777777777
0 1.104296875 0.49583333333333335 0.02734375 0.1
1 1.12265625 0.5388888888888889 0.0265625 0.08333333333333333
1 0.28203125 0.4111111111111111 0.0140625 0.075