1 1.14453125 0.3701388888888889 0.028125 0.09861111111111111
0 1.1953125 0.4888888888888889 0.0359375 0.11944444444444445
1 1.220703125 0.38055555555555554 0.02265625 0.10555555555555556
0 0.15 0.45902777777777776 0.0328125 0.06805555555555555
1 0.221484375 0.30972222222222223 0.01796875 0.05555555555555555
1 0.9359375 0.37083333333333335 0.0234375 0.07777777777777778
1 0.923046875 0.3194444444444444 0.02109375 0.075
1 1.119921875 0.4222222222222222 0.02421875 0.11666666666666667
0 0.0140625 0.3194444444444444 0.025 0.05277777777777778
0 0.132421875 0.45694444444444443 0.02265625 0.06388888888888888
1 0.9265625 0.35 0.0234375 0.06944444444444445