1 1.116015625 0.3638888888888889 0.02109375 0.07777777777777778
1 0.313671875 0.36041666666666666 0.01640625 0.06527777777777778
0 0.0765625 0.2881944444444444 0.028125 0.0625
1 0.285546875 0.2902777777777778 0.01640625 0.05
1 0.366796875 0.28541666666666665 0.01640625 0.07083333333333333
1 1.220703125 0.3854166666666667 0.02265625 0.10416666666666667
0 0.68671875 0.5729166666666666 0.028125 0.1125
1 1.11875 0.32916666666666666 0.0171875 0.06944444444444445
1 0.302734375 0.30694444444444446 0.01796875 0.05555555555555555
0 0.687109375 0.6215277777777778 0.02578125 0.11527777777777778
1 1.139453125 0.36666666666666664 0.02109375 0.07777777777777778
1 0.208203125 0.3076388888888889 0.01640625 0.05694444444444444
0 0.1921875 0.37569444444444444 0.015625 0.08472222222222223