1 0.2796875 0.2798611111111111 0.0171875 0.04861111111111111
0 0.69375 0.6277777777777778 0.028125 0.1
0 0.09296875 0.29305555555555557 0.0171875 0.044444444444444446
1 1.116015625 0.3625 0.02109375 0.08055555555555556
1 1.22109375 0.38333333333333336 0.0234375 0.10277777777777777
1 0.364453125 0.2875 0.01640625 0.06666666666666667
1 0.3 0.30833333333333335 0.0203125 0.05
1 1.11953125 0.32916666666666666 0.0171875 0.06944444444444445
0 0.189453125 0.37569444444444444 0.01796875 0.09583333333333334
0 0.693359375 0.5756944444444444 0.02578125 0.10972222222222222
1 1.139453125 0.36319444444444443 0.02109375 0.08472222222222223
1 0.312109375 0.3506944444444444 0.01484375 0.05416666666666667
1 0.673828125 0.5111111111111111 0.02109375 0.12222222222222222