1 0.23984375 0.33819444444444446 0.0234375 0.0625
1 0.77578125 0.5965277777777778 0.0359375 0.1375
1 0.24375 0.3993055555555556 0.0234375 0.08472222222222223
1 1.166015625 0.3736111111111111 0.02890625 0.10277777777777777
1 0.33671875 0.3638888888888889 0.0234375 0.08333333333333333
0 0.166796875 0.4625 0.02578125 0.11388888888888889
1 0.72109375 0.5069444444444444 0.034375 0.12777777777777777
1 1.116796875 0.3645833333333333 0.02109375 0.07916666666666666
1 1.21875 0.38472222222222224 0.025 0.10277777777777777
0 0.050390625 0.27569444444444446 0.02109375 0.05138888888888889
0 0.05859375 0.30069444444444443 0.021875 0.04027777777777778
1 0.314453125 0.35138888888888886 0.01640625 0.07777777777777778
1 1.117578125 0.33055555555555555 0.01640625 0.06944444444444445