1 1.066015625 0.4270833333333333 0.03046875 0.12638888888888888
1 1.146484375 0.36666666666666664 0.02578125 0.10555555555555556
0 1.15546875 0.49027777777777776 0.0359375 0.11388888888888889
1 0.925390625 0.375 0.02578125 0.07222222222222222
1 0.865625 0.33125 0.01875 0.08194444444444444
1 1.220703125 0.38055555555555554 0.02578125 0.10555555555555556
1 0.299609375 0.35555555555555557 0.02265625 0.08888888888888889
0 0.00625 0.2465277777777778 0.0109375 0.0625
1 0.863671875 0.3013888888888889 0.01484375 0.05277777777777778
0 0.062890625 0.49583333333333335 0.03515625 0.11944444444444445
1 0.40078125 0.3958333333333333 0.0171875 0.06944444444444445