0 0.744921875 0.6048611111111111 0.02734375 0.12916666666666668
1 1.153125 0.3715277777777778 0.028125 0.09027777777777778
1 0.2640625 0.3645833333333333 0.01875 0.07083333333333333
1 0.2609375 0.3125 0.0234375 0.06111111111111111
1 1.116015625 0.36180555555555555 0.02109375 0.08472222222222223
0 0.184765625 0.27361111111111114 0.01953125 0.04722222222222222
0 0.180859375 0.425 0.02421875 0.10277777777777777
1 0.314453125 0.35625 0.01484375 0.07361111111111111
1 0.351171875 0.3423611111111111 0.01953125 0.07361111111111111
0 0.20625 0.3055555555555556 0.0203125 0.041666666666666664
1 0.70390625 0.5090277777777777 0.0265625 0.11805555555555555
1 1.21953125 0.3854166666666667 0.0234375 0.10138888888888889
0 0.7453125 0.5520833333333334 0.0265625 0.08472222222222223
1 0.34921875 0.31180555555555556 0.0171875 0.05694444444444444
1 1.119140625 0.33541666666666664 0.01640625 0.0763888888888889