1 0.701171875 0.6097222222222223 0.04296875 0.14166666666666666
1 0.277734375 0.28541666666666665 0.01953125 0.05416666666666667
1 0.67890625 0.5125 0.03125 0.13333333333333333
1 0.362109375 0.29305555555555557 0.01640625 0.06666666666666667
1 1.116796875 0.36319444444444443 0.02109375 0.08194444444444444
1 1.2203125 0.3840277777777778 0.0234375 0.10416666666666667
1 0.293359375 0.3236111111111111 0.02109375 0.06388888888888888
1 0.313671875 0.3541666666666667 0.01640625 0.058333333333333334
0 0.107421875 0.28958333333333336 0.02578125 0.05416666666666667
0 0.18671875 0.38055555555555554 0.0203125 0.09444444444444444
1 1.11953125 0.33125 0.0171875 0.07083333333333333
1 0.3 0.3111111111111111 0.0234375 0.04722222222222222
1 1.139453125 0.3638888888888889 0.02109375 0.08611111111111111