1 1.14453125 0.3715277777777778 0.0265625 0.09861111111111111
0 1.18984375 0.49236111111111114 0.034375 0.1125
1 0.93671875 0.37083333333333335 0.0234375 0.07777777777777778
1 1.21953125 0.38055555555555554 0.0234375 0.10555555555555556
1 0.917578125 0.33958333333333335 0.02109375 0.07361111111111111
1 0.222265625 0.3104166666666667 0.01796875 0.059722222222222225
1 1.116796875 0.4236111111111111 0.02734375 0.11388888888888889
0 0.014453125 0.31805555555555554 0.02578125 0.05277777777777778
0 0.146484375 0.4638888888888889 0.03671875 0.058333333333333334
1 0.91328125 0.3159722222222222 0.0203125 0.06805555555555555
1 0.23359375 0.4263888888888889 0.021875 0.06944444444444445