1 1.155859375 0.375 0.02734375 0.08611111111111111
1 1.116015625 0.36319444444444443 0.02109375 0.07916666666666666
0 0.748828125 0.60625 0.02421875 0.12083333333333333
1 0.260546875 0.3729166666666667 0.01953125 0.0875
1 1.22265625 0.3784722222222222 0.028125 0.12083333333333333
1 0.705859375 0.5097222222222222 0.02734375 0.12222222222222222
1 0.256640625 0.31805555555555554 0.01953125 0.07222222222222222
1 0.349609375 0.34444444444444444 0.01796875 0.06944444444444445
1 0.35078125 0.3125 0.015625 0.058333333333333334
0 0.178125 0.425 0.021875 0.10555555555555556
0 0.207421875 0.2986111111111111 0.01640625 0.03611111111111111
1 0.31484375 0.3576388888888889 0.0140625 0.07361111111111111
1 1.118359375 0.33402777777777776 0.01484375 0.07361111111111111
0 0.7484375 0.5527777777777778 0.025 0.08611111111111111