1 0.934765625 0.3680555555555556 0.02578125 0.08333333333333333
0 1.169921875 0.4979166666666667 0.02578125 0.10138888888888889
1 0.89296875 0.3347222222222222 0.025 0.075
1 1.14609375 0.3680555555555556 0.0265625 0.10277777777777777
1 1.220703125 0.38125 0.02421875 0.10416666666666667
1 0.258203125 0.325 0.01953125 0.075
1 1.1078125 0.4236111111111111 0.034375 0.1111111111111111
1 0.261328125 0.30486111111111114 0.01796875 0.05416666666666667
0 0.121484375 0.45694444444444443 0.02265625 0.11388888888888889
1 0.347265625 0.41944444444444445 0.01796875 0.06666666666666667
1 1.083984375 0.5381944444444444 0.02265625 0.08194444444444444
0 0.1359375 0.4576388888888889 0.0515625 0.1375