1 0.276171875 0.2923611111111111 0.02109375 0.05138888888888889
1 0.6859375 0.5118055555555555 0.0328125 0.14027777777777778
1 0.28515625 0.3416666666666667 0.0203125 0.06944444444444445
1 0.360546875 0.29583333333333334 0.01953125 0.06944444444444445
1 0.70859375 0.6104166666666667 0.0359375 0.13194444444444445
1 1.116796875 0.36319444444444443 0.02109375 0.08194444444444444
1 1.2203125 0.3840277777777778 0.0234375 0.10416666666666667
0 0.1265625 0.29097222222222224 0.01875 0.04861111111111111
0 0.184765625 0.3840277777777778 0.02109375 0.09305555555555556
1 0.31171875 0.3576388888888889 0.01875 0.06527777777777778
1 0.707421875 0.5576388888888889 0.02578125 0.07916666666666666
1 1.11953125 0.3333333333333333 0.0171875 0.075
1 1.12734375 0.3645833333333333 0.028125 0.09027777777777778
1 1.139453125 0.3659722222222222 0.01796875 0.09861111111111111