1 0.240234375 0.40555555555555556 0.02421875 0.09166666666666666
1 1.169140625 0.36875 0.02734375 0.10416666666666667
0 0.78203125 0.5958333333333333 0.0296875 0.13333333333333333
1 1.11640625 0.36041666666666666 0.021875 0.0875
1 0.723828125 0.5104166666666666 0.02890625 0.12638888888888888
1 0.23125 0.33958333333333335 0.01875 0.059722222222222225
1 1.219140625 0.3854166666666667 0.02421875 0.10416666666666667
1 0.334375 0.3638888888888889 0.021875 0.09166666666666666
1 0.31484375 0.35208333333333336 0.015625 0.07083333333333333
0 0.07109375 0.2875 0.0203125 0.041666666666666664
0 0.158203125 0.4666666666666667 0.03046875 0.125