0 0.68046875 0.6131944444444445 0.0328125 0.14027777777777778
1 0.285546875 0.2791666666666667 0.01484375 0.05277777777777778
1 1.116015625 0.3645833333333333 0.02109375 0.0763888888888889
1 1.220703125 0.3854166666666667 0.02265625 0.10416666666666667
1 0.313671875 0.3576388888888889 0.01484375 0.06527777777777778
1 0.305859375 0.2986111111111111 0.01953125 0.05
1 1.11953125 0.32916666666666666 0.0171875 0.06944444444444445
1 0.368359375 0.2847222222222222 0.01640625 0.06388888888888888
0 0.19453125 0.37083333333333335 0.01875 0.08888888888888889
1 1.13671875 0.3645833333333333 0.0203125 0.0875
0 0.062890625 0.2777777777777778 0.01796875 0.05
0 0.676953125 0.5569444444444445 0.02421875 0.06944444444444445