1 0.934765625 0.36875 0.02578125 0.08194444444444444
0 1.169140625 0.49583333333333335 0.02578125 0.10555555555555556
1 0.8921875 0.3333333333333333 0.025 0.07777777777777778
1 1.14609375 0.3680555555555556 0.0265625 0.10277777777777777
1 1.10390625 0.4236111111111111 0.0296875 0.10833333333333334
1 0.2640625 0.32916666666666666 0.0265625 0.058333333333333334
1 1.220703125 0.38125 0.02421875 0.10694444444444444
1 0.266015625 0.30486111111111114 0.01953125 0.05138888888888889
1 0.353515625 0.4173611111111111 0.01953125 0.06805555555555555
1 0.1140625 0.45625 0.0203125 0.10972222222222222
1 0.1359375 0.45069444444444445 0.0375 0.13194444444444445