1 0.934765625 0.36875 0.02578125 0.08472222222222223
1 1.170703125 0.49583333333333335 0.02734375 0.10277777777777777
1 0.893359375 0.33541666666666664 0.02578125 0.07361111111111111
1 1.146484375 0.3680555555555556 0.02734375 0.10555555555555556
1 1.10859375 0.4236111111111111 0.0375 0.11388888888888889
1 1.2203125 0.38125 0.0234375 0.10416666666666667
1 0.2546875 0.32430555555555557 0.0171875 0.06805555555555555
0 0.122265625 0.45208333333333334 0.02734375 0.10972222222222222
1 1.084375 0.5375 0.0234375 0.08055555555555556
0 0.143359375 0.4215277777777778 0.02578125 0.08194444444444444
1 0.258984375 0.30625 0.01640625 0.05694444444444444
0 0.144140625 0.45555555555555555 0.04765625 0.13333333333333333