1 0.27265625 0.35347222222222224 0.01875 0.07361111111111111
0 0.166015625 0.2833333333333333 0.01796875 0.05
1 1.116796875 0.36041666666666666 0.02109375 0.0875
0 0.733984375 0.6090277777777777 0.03671875 0.12638888888888888
1 1.149609375 0.3638888888888889 0.02265625 0.10555555555555556
1 0.3546875 0.3145833333333333 0.0171875 0.06527777777777778
1 1.219921875 0.38472222222222224 0.02421875 0.10277777777777777
1 0.69921875 0.5145833333333333 0.025 0.12361111111111112
0 0.1828125 0.41180555555555554 0.021875 0.09861111111111111
1 0.263671875 0.29791666666666666 0.01953125 0.04583333333333333
1 0.31328125 0.35694444444444445 0.015625 0.075