1 1.045703125 0.4361111111111111 0.02890625 0.125
1 1.145703125 0.36666666666666664 0.02734375 0.10277777777777777
1 0.286328125 0.36944444444444446 0.02421875 0.10277777777777777
1 0.844140625 0.33125 0.01953125 0.07916666666666666
1 0.40859375 0.3923611111111111 0.01875 0.06805555555555555
1 0.8953125 0.35347222222222224 0.0234375 0.09305555555555556
1 0.83984375 0.30486111111111114 0.015625 0.05416666666666667
1 1.22109375 0.37777777777777777 0.0296875 0.11944444444444445
0 1.1359375 0.48819444444444443 0.028125 0.10694444444444444
1 1.108203125 0.5409722222222222 0.02109375 0.07361111111111111
0 0.08515625 0.5236111111111111 0.034375 0.14444444444444443