1 0.312890625 0.36041666666666666 0.01640625 0.06527777777777778
0 0.673828125 0.6152777777777778 0.03671875 0.1388888888888889
1 0.3140625 0.29583333333333334 0.021875 0.05277777777777778
1 0.291015625 0.2798611111111111 0.01484375 0.059722222222222225
0 0.045703125 0.28402777777777777 0.03046875 0.06805555555555555
1 1.11484375 0.3701388888888889 0.0203125 0.07083333333333333
1 1.119921875 0.33125 0.01796875 0.06805555555555555
1 1.219921875 0.3854166666666667 0.02421875 0.10416666666666667
0 0.195703125 0.35625 0.01953125 0.09305555555555556
1 0.37265625 0.2826388888888889 0.0171875 0.05416666666666667
1 1.138671875 0.3659722222222222 0.02109375 0.0763888888888889
0 0.66328125 0.53125 0.0265625 0.11527777777777778
0 0.20390625 0.31527777777777777 0.01875 0.06111111111111111