1 1.168359375 0.3729166666666667 0.02890625 0.10138888888888889
0 0.780078125 0.5944444444444444 0.02890625 0.13333333333333333
1 0.335546875 0.3645833333333333 0.02421875 0.08472222222222223
1 0.24140625 0.4041666666666667 0.0203125 0.09166666666666666
1 0.723828125 0.5090277777777777 0.03046875 0.12638888888888888
0 0.062109375 0.28680555555555554 0.01796875 0.04861111111111111
1 1.11640625 0.36319444444444443 0.021875 0.08194444444444444
1 1.21875 0.3854166666666667 0.025 0.10416666666666667
1 0.237109375 0.34097222222222223 0.01953125 0.05694444444444444
0 0.163671875 0.46319444444444446 0.02578125 0.1125
1 0.315234375 0.35 0.01484375 0.07777777777777778
1 0.33671875 0.3388888888888889 0.01875 0.058333333333333334
1 1.117578125 0.33055555555555555 0.01640625 0.06944444444444445