0 0.68125 0.6145833333333334 0.034375 0.1375
1 0.285546875 0.2777777777777778 0.01484375 0.05277777777777778
1 1.115234375 0.36527777777777776 0.02109375 0.075
1 0.313671875 0.35833333333333334 0.01484375 0.06666666666666667
1 1.220703125 0.3854166666666667 0.02265625 0.10416666666666667
1 0.30703125 0.29930555555555555 0.0203125 0.04861111111111111
1 1.11953125 0.3298611111111111 0.0171875 0.06805555555555555
0 0.06171875 0.28958333333333336 0.015625 0.04027777777777778
1 0.36796875 0.28402777777777777 0.0171875 0.06805555555555555
1 1.13671875 0.3638888888888889 0.0203125 0.08888888888888889
0 0.194140625 0.3715277777777778 0.01796875 0.0875
0 0.676171875 0.5576388888888889 0.02265625 0.07083333333333333
0 0.06875 0.29930555555555555 0.0234375 0.04027777777777778