0 0.969140625 0.5548611111111111 0.03203125 0.12916666666666668
1 1.144921875 0.3659722222222222 0.03359375 0.09027777777777778
0 0.6265625 0.2861111111111111 0.021875 0.04722222222222222
1 0.853515625 0.48125 0.02890625 0.13472222222222222
0 0.630078125 0.3159722222222222 0.01953125 0.05138888888888889
1 1.21953125 0.3854166666666667 0.0234375 0.10416666666666667
0 0.041015625 0.2604166666666667 0.01953125 0.0625
1 0.026171875 0.5263888888888889 0.04453125 0.11666666666666667
1 1.127734375 0.3611111111111111 0.02421875 0.08611111111111111
1 1.125390625 0.32708333333333334 0.01484375 0.06527777777777778
1 0.995703125 1.3958333333333333 0.07734375 0.15