1 1.17421875 0.36736111111111114 0.03125 0.10416666666666667
1 0.20234375 0.45902777777777776 0.028125 0.10416666666666667
1 1.11640625 0.3541666666666667 0.025 0.1
1 0.82734375 0.6069444444444444 0.04375 0.10277777777777777
1 0.31171875 0.4097222222222222 0.021875 0.10555555555555556
0 0.1734375 0.3861111111111111 0.021875 0.09166666666666666
1 1.21875 0.38472222222222224 0.0234375 0.10277777777777777
1 0.74375 0.5055555555555555 0.0265625 0.14166666666666666
1 0.31953125 0.3625 0.01875 0.07222222222222222
1 1.229296875 0.3736111111111111 0.03046875 0.11666666666666667
0 0.0796875 0.5173611111111112 0.028125 0.12638888888888888