1 0.248046875 0.3902777777777778 0.02578125 0.08888888888888889
1 0.767578125 0.5958333333333333 0.04296875 0.1527777777777778
1 0.715625 0.5125 0.0328125 0.11666666666666667
1 0.243359375 0.33194444444444443 0.02421875 0.06388888888888888
1 1.11640625 0.36319444444444443 0.0203125 0.07916666666666666
1 0.341015625 0.3451388888888889 0.01953125 0.0875
1 1.21875 0.3854166666666667 0.0234375 0.10138888888888889
1 1.162109375 0.3680555555555556 0.02109375 0.1
0 0.1703125 0.45 0.025 0.125
1 0.3140625 0.35694444444444445 0.015625 0.08055555555555556
1 0.024609375 0.28888888888888886 0.01484375 0.05
1 1.117578125 0.3326388888888889 0.01640625 0.07083333333333333
1 0.028515625 0.27569444444444446 0.01484375 0.04583333333333333