0 0.68984375 0.6298611111111111 0.0234375 0.10138888888888889
1 1.116015625 0.36319444444444443 0.02109375 0.07916666666666666
1 1.220703125 0.3854166666666667 0.02265625 0.10416666666666667
1 0.28125 0.28194444444444444 0.015625 0.05277777777777778
0 0.08359375 0.2916666666666667 0.01875 0.044444444444444446
1 0.299609375 0.30486111111111114 0.01796875 0.05138888888888889
1 0.365234375 0.28541666666666665 0.01640625 0.07083333333333333
0 0.192578125 0.36527777777777776 0.01796875 0.08333333333333333
0 0.691796875 0.5680555555555555 0.02578125 0.1
1 1.11875 0.3298611111111111 0.0171875 0.06805555555555555
1 1.13671875 0.36319444444444443 0.0203125 0.09305555555555556
1 0.6703125 0.5097222222222222 0.015625 0.11666666666666667
1 0.313671875 0.35347222222222224 0.01484375 0.05694444444444444
1 0.669140625 0.45902777777777776 0.01328125 0.05138888888888889