1 1.14453125 0.37083333333333335 0.0265625 0.09722222222222222
1 0.9359375 0.3701388888888889 0.0234375 0.07916666666666666
0 1.1875 0.49027777777777776 0.0328125 0.11388888888888889
1 1.220703125 0.38055555555555554 0.02421875 0.10555555555555556
1 0.222265625 0.31180555555555556 0.01796875 0.059722222222222225
1 1.116796875 0.42430555555555555 0.02734375 0.1125
1 0.915234375 0.3388888888888889 0.01953125 0.07222222222222222
0 0.015625 0.31875 0.0296875 0.05694444444444444
1 0.9109375 0.3138888888888889 0.0203125 0.06388888888888888
1 0.246484375 0.35833333333333334 0.01796875 0.041666666666666664
0 0.153125 0.4625 0.0484375 0.07222222222222222
1 0.24453125 0.4201388888888889 0.025 0.0763888888888889