1 0.79375 0.34444444444444444 0.0296875 0.08055555555555556
1 1.144921875 0.3701388888888889 0.02734375 0.09583333333333334
0 0.728125 0.2916666666666667 0.0171875 0.05
0 1.01640625 0.5368055555555555 0.028125 0.10972222222222222
1 0.9578125 0.46041666666666664 0.0359375 0.09861111111111111
0 0.73203125 0.32569444444444445 0.0171875 0.04861111111111111
1 1.21953125 0.3819444444444444 0.0234375 0.10555555555555556
1 0.39609375 0.3284722222222222 0.015625 0.0375
1 0.241796875 0.4527777777777778 0.03671875 0.13055555555555556
1 0.4046875 0.38819444444444445 0.0171875 0.07361111111111111
1 0.989453125 1.3923611111111112 0.07734375 0.16527777777777777
0 0.028125 0.25 0.01875 0.07222222222222222