1 1.145703125 0.3638888888888889 0.02578125 0.10833333333333334
0 1.154296875 0.49444444444444446 0.03203125 0.11666666666666667
1 0.86328125 0.33402777777777776 0.0171875 0.0763888888888889
1 1.219921875 0.38263888888888886 0.02578125 0.10694444444444444
1 0.2953125 0.34930555555555554 0.0234375 0.09027777777777778
1 1.066015625 0.43194444444444446 0.03046875 0.11666666666666667
1 0.9203125 0.3645833333333333 0.0234375 0.0875
1 0.862890625 0.30486111111111114 0.01484375 0.05694444444444444
0 0.00625 0.24513888888888888 0.0109375 0.0625
1 0.4015625 0.3958333333333333 0.015625 0.07222222222222222
0 0.062109375 0.5 0.03671875 0.12222222222222222