0 0.183984375 0.4083333333333333 0.02578125 0.10833333333333334
1 0.275390625 0.3506944444444444 0.01953125 0.07361111111111111
1 1.115625 0.36319444444444443 0.0203125 0.08194444444444444
1 0.355078125 0.3020833333333333 0.01640625 0.05416666666666667
0 0.158203125 0.2826388888888889 0.01640625 0.04861111111111111
0 0.730859375 0.6076388888888888 0.02890625 0.13194444444444445
1 1.220703125 0.38333333333333336 0.02421875 0.10277777777777777
1 0.6953125 0.5138888888888888 0.025 0.125
1 1.147265625 0.3625 0.01953125 0.10555555555555556
1 0.269921875 0.30277777777777776 0.01953125 0.05555555555555555
1 0.313671875 0.35833333333333334 0.01640625 0.07222222222222222
0 0.7296875 0.5604166666666667 0.0265625 0.07916666666666666
1 0.355859375 0.3284722222222222 0.01484375 0.05694444444444444
1 1.118359375 0.33402777777777776 0.01953125 0.07361111111111111