1 1.1453125 0.37222222222222223 0.0265625 0.09444444444444444
1 1.180859375 0.49444444444444446 0.03203125 0.10555555555555556
1 0.93515625 0.3701388888888889 0.0234375 0.08194444444444444
1 1.219921875 0.3819444444444444 0.02421875 0.10555555555555556
1 1.11640625 0.42777777777777776 0.025 0.10555555555555556
0 0.90859375 0.3423611111111111 0.01875 0.06805555555555555
1 0.222265625 0.31666666666666665 0.01640625 0.05277777777777778
0 0.012109375 0.3138888888888889 0.02421875 0.06666666666666667
0 0.158984375 0.46041666666666664 0.03984375 0.0763888888888889
0 0.907421875 0.31527777777777777 0.01640625 0.06111111111111111
1 1.18515625 0.4618055555555556 0.025 0.09583333333333334