0 0.994140625 0.5326388888888889 0.03671875 0.12638888888888888
1 1.143359375 0.37777777777777777 0.02578125 0.075
1 0.731640625 0.33125 0.02109375 0.06805555555555555
1 0.908203125 0.46944444444444444 0.02109375 0.10277777777777777
0 0.686328125 0.28958333333333336 0.01796875 0.04583333333333333
1 0.725 0.3125 0.0171875 0.05555555555555555
1 1.21953125 0.38333333333333336 0.0234375 0.10277777777777777
1 0.3875 0.39375 0.021875 0.06527777777777778
0 0.68984375 0.31319444444444444 0.0203125 0.05416666666666667
1 0.16171875 0.47638888888888886 0.0265625 0.13055555555555556
1 1.1375 0.3326388888888889 0.01875 0.0763888888888889
0 0.031640625 0.25625 0.01796875 0.07083333333333333