1 1.005859375 0.53125 0.03515625 0.12916666666666668
1 0.934765625 0.4597222222222222 0.02578125 0.10833333333333334
1 0.212890625 0.46805555555555556 0.03046875 0.11666666666666667
1 1.14375 0.37569444444444444 0.0265625 0.08194444444444444
1 0.773046875 0.3458333333333333 0.02890625 0.07777777777777778
0 0.711328125 0.29097222222222224 0.01640625 0.04861111111111111
1 1.219921875 0.38263888888888886 0.02421875 0.10694444444444444
0 0.7125 0.3125 0.0171875 0.06111111111111111
1 0.765234375 0.3277777777777778 0.02109375 0.06666666666666667
1 0.4 0.3902777777777778 0.021875 0.06666666666666667
1 0.390234375 0.33055555555555555 0.01328125 0.044444444444444446