1 0.819140625 0.4847222222222222 0.02890625 0.13333333333333333
1 1.1484375 0.36527777777777776 0.025 0.09444444444444444
1 1.11484375 0.3590277777777778 0.01875 0.09027777777777778
1 0.944140625 0.5673611111111111 0.03515625 0.12638888888888888
1 1.221484375 0.38472222222222224 0.02265625 0.10277777777777777
0 0.575 0.2965277777777778 0.0203125 0.05694444444444444
1 0.333984375 0.3861111111111111 0.01953125 0.06944444444444445
1 0.973828125 0.6034722222222222 0.02265625 0.08472222222222223
0 0.06171875 0.2569444444444444 0.0171875 0.05555555555555555
1 0.325 0.3229166666666667 0.0171875 0.0375
0 0.059375 0.2743055555555556 0.0171875 0.04583333333333333
0 0.574609375 0.27152777777777776 0.01796875 0.043055555555555555