0 0.078125 0.28958333333333336 0.025 0.04861111111111111
1 1.116015625 0.3638888888888889 0.02109375 0.07777777777777778
1 0.313671875 0.36041666666666666 0.01640625 0.06527777777777778
1 0.36640625 0.28541666666666665 0.0171875 0.07083333333333333
1 1.220703125 0.3854166666666667 0.02265625 0.10416666666666667
1 0.28359375 0.28680555555555554 0.015625 0.05138888888888889
0 0.68671875 0.5659722222222222 0.028125 0.09027777777777778
0 0.6859375 0.6152777777777778 0.025 0.12222222222222222
1 0.3015625 0.30694444444444446 0.01875 0.05555555555555555
1 1.11875 0.32916666666666666 0.0171875 0.06944444444444445
1 1.1390625 0.36666666666666664 0.0203125 0.07777777777777778
0 0.1921875 0.3770833333333333 0.015625 0.08472222222222223
0 0.20703125 0.3090277777777778 0.015625 0.05694444444444444
1 0.2890625 0.2951388888888889 0.01875 0.04861111111111111
1 0.667578125 0.4583333333333333 0.01328125 0.05