1 1.14453125 0.36944444444444446 0.028125 0.1
0 1.1953125 0.4895833333333333 0.0359375 0.12083333333333333
1 1.220703125 0.38055555555555554 0.02265625 0.10555555555555556
0 0.15 0.4597222222222222 0.0328125 0.06666666666666667
1 0.221484375 0.30972222222222223 0.01796875 0.05555555555555555
1 0.936328125 0.3715277777777778 0.02265625 0.0763888888888889
1 1.119921875 0.42291666666666666 0.02421875 0.11805555555555555
0 0.0140625 0.3194444444444444 0.025 0.05277777777777778
1 0.921875 0.3229166666666667 0.0203125 0.0763888888888889
0 0.13203125 0.45694444444444443 0.0234375 0.06388888888888888
1 0.926171875 0.3472222222222222 0.02265625 0.06944444444444445