1 1.14453125 0.3715277777777778 0.0265625 0.09861111111111111
0 1.190234375 0.4930555555555556 0.03359375 0.10833333333333334
1 0.9359375 0.3715277777777778 0.0234375 0.07916666666666666
1 1.21953125 0.38055555555555554 0.0234375 0.10555555555555556
1 0.916796875 0.3388888888888889 0.02109375 0.075
1 0.221875 0.3104166666666667 0.0171875 0.059722222222222225
1 1.11796875 0.42291666666666666 0.028125 0.11805555555555555
0 0.014453125 0.31805555555555554 0.02578125 0.05277777777777778
0 0.14609375 0.46319444444444446 0.0375 0.059722222222222225
1 0.91328125 0.31527777777777777 0.0203125 0.06666666666666667
0 0.13125 0.46041666666666664 0.0234375 0.04861111111111111
1 0.23515625 0.4284722222222222 0.021875 0.07083333333333333