1 0.850390625 0.3298611111111111 0.02578125 0.07916666666666666
1 1.1453125 0.36666666666666664 0.0265625 0.10277777777777777
1 1.048046875 0.4340277777777778 0.02109375 0.11805555555555555
1 0.406640625 0.3902777777777778 0.01640625 0.07222222222222222
1 0.289453125 0.36527777777777776 0.02265625 0.1
1 1.22109375 0.37777777777777777 0.0296875 0.11944444444444445
0 1.141015625 0.5076388888888889 0.02421875 0.11527777777777778
1 0.898828125 0.35 0.01953125 0.09444444444444444
1 1.10546875 0.5416666666666666 0.021875 0.075
0 0.0078125 0.25069444444444444 0.0125 0.06805555555555555
1 0.84453125 0.30416666666666664 0.015625 0.05277777777777778