1 0.7609375 0.5993055555555555 0.040625 0.14027777777777778
1 1.115625 0.36527777777777776 0.0203125 0.075
1 0.253515625 0.3770833333333333 0.02265625 0.08472222222222223
1 1.21953125 0.3854166666666667 0.0234375 0.10138888888888889
1 1.160546875 0.38055555555555554 0.02109375 0.075
0 0.012109375 0.2902777777777778 0.01953125 0.05555555555555555
1 0.345703125 0.3458333333333333 0.01953125 0.07777777777777778
1 1.11875 0.33055555555555555 0.015625 0.06944444444444445
1 0.344921875 0.32083333333333336 0.01640625 0.05555555555555555
1 0.7125 0.5034722222222222 0.0234375 0.11527777777777778
1 0.3140625 0.35694444444444445 0.0140625 0.08055555555555556
0 0.209375 0.26875 0.015625 0.04583333333333333
0 0.204296875 0.2569444444444444 0.01640625 0.04722222222222222
0 0.17421875 0.44166666666666665 0.025 0.1111111111111111