1 0.2640625 0.3638888888888889 0.01875 0.075
1 1.153125 0.3729166666666667 0.028125 0.09027777777777778
1 0.26015625 0.3125 0.021875 0.06111111111111111
0 0.745703125 0.6048611111111111 0.02578125 0.12361111111111112
1 1.115625 0.3611111111111111 0.0203125 0.08333333333333333
0 0.186328125 0.2743055555555556 0.01953125 0.04861111111111111
1 0.314453125 0.35555555555555557 0.01484375 0.07222222222222222
0 0.180859375 0.42569444444444443 0.02421875 0.10694444444444444
0 0.745703125 0.5520833333333334 0.02578125 0.08472222222222223
1 0.35 0.3284722222222222 0.01875 0.07916666666666666
1 1.22265625 0.37777777777777777 0.028125 0.11944444444444445
1 0.705078125 0.5055555555555555 0.02578125 0.11666666666666667
0 0.20703125 0.30416666666666664 0.0203125 0.03888888888888889
1 1.11875 0.33402777777777776 0.015625 0.0763888888888889