1 1.145703125 0.36944444444444446 0.02734375 0.09722222222222222
0 1.2 0.49166666666666664 0.034375 0.1111111111111111
1 0.93515625 0.36875 0.0203125 0.08194444444444444
0 0.151953125 0.45555555555555555 0.03515625 0.075
1 0.929296875 0.32013888888888886 0.01953125 0.0625
0 1.22109375 0.38263888888888886 0.021875 0.10416666666666667
1 0.221875 0.30972222222222223 0.0171875 0.06111111111111111
0 0.015234375 0.31875 0.02421875 0.04861111111111111
1 1.11796875 0.42291666666666666 0.0203125 0.1125
0 0.13125 0.45416666666666666 0.0234375 0.06944444444444445
1 0.0046875 0.2708333333333333 0.009375 0.03888888888888889
1 0.230859375 0.4222222222222222 0.03046875 0.06666666666666667