1 0.274609375 0.35208333333333336 0.01953125 0.0763888888888889
0 0.183984375 0.4097222222222222 0.02421875 0.10555555555555556
1 1.116015625 0.3611111111111111 0.02109375 0.08333333333333333
1 0.355078125 0.30277777777777776 0.01640625 0.05555555555555555
1 1.220703125 0.38472222222222224 0.02421875 0.10555555555555556
0 0.73046875 0.60625 0.028125 0.12638888888888888
0 0.16171875 0.2847222222222222 0.0171875 0.05
1 0.696875 0.5152777777777777 0.025 0.125
1 1.14765625 0.36319444444444443 0.0203125 0.10694444444444444
1 0.31328125 0.35833333333333334 0.015625 0.07222222222222222
0 0.72734375 0.5541666666666667 0.0234375 0.075
1 0.26875 0.3020833333333333 0.01875 0.05416666666666667
1 1.129296875 0.36180555555555555 0.03515625 0.09583333333333334
1 0.3546875 0.33402777777777776 0.015625 0.05138888888888889
1 1.118359375 0.33194444444444443 0.01953125 0.07222222222222222