1 0.2453125 0.39305555555555555 0.025 0.08055555555555556
1 0.771875 0.5965277777777778 0.0390625 0.1486111111111111
1 0.242578125 0.33541666666666664 0.02265625 0.0625
1 0.71875 0.5083333333333333 0.034375 0.125
0 0.16875 0.46041666666666664 0.028125 0.12083333333333333
1 1.116796875 0.36319444444444443 0.02109375 0.07916666666666666
1 0.337890625 0.3625 0.02265625 0.08611111111111111
1 1.219140625 0.38472222222222224 0.02421875 0.10277777777777777
0 0.044921875 0.2798611111111111 0.02578125 0.06805555555555555
1 1.1640625 0.37569444444444444 0.0265625 0.10416666666666667
1 1.117578125 0.33125 0.01640625 0.07083333333333333
1 0.336328125 0.3333333333333333 0.02109375 0.06111111111111111