1 1.145703125 0.37083333333333335 0.02734375 0.09722222222222222
0 1.20078125 0.4909722222222222 0.034375 0.1125
1 0.93515625 0.36527777777777776 0.0203125 0.08888888888888889
0 0.1515625 0.45625 0.034375 0.0763888888888889
0 1.22109375 0.38055555555555554 0.021875 0.10277777777777777
1 0.221484375 0.3013888888888889 0.01640625 0.05555555555555555
1 0.930859375 0.3173611111111111 0.01796875 0.05694444444444444
0 0.015234375 0.31875 0.02421875 0.04861111111111111
1 1.11796875 0.42083333333333334 0.0203125 0.11388888888888889
0 0.13125 0.4527777777777778 0.0234375 0.06944444444444445
1 0.005078125 0.2722222222222222 0.01015625 0.03611111111111111