1 0.757421875 0.6006944444444444 0.03984375 0.1375
1 0.256640625 0.37569444444444444 0.02265625 0.08194444444444444
1 1.11640625 0.3638888888888889 0.0203125 0.07777777777777778
1 1.158984375 0.3701388888888889 0.02265625 0.09305555555555556
1 1.21953125 0.3854166666666667 0.0234375 0.10416666666666667
0 0.200390625 0.25763888888888886 0.01640625 0.04861111111111111
0 0.009375 0.28541666666666665 0.015625 0.05694444444444444
1 0.34609375 0.34305555555555556 0.01875 0.08055555555555556
0 0.17578125 0.4395833333333333 0.025 0.10972222222222222
1 0.7109375 0.5111111111111111 0.025 0.12222222222222222
1 1.11875 0.3326388888888889 0.015625 0.07083333333333333
1 0.313671875 0.3576388888888889 0.01484375 0.08194444444444444