1 1.04453125 0.43680555555555556 0.0359375 0.12361111111111112
1 0.890234375 0.3541666666666667 0.02421875 0.08611111111111111
1 1.145703125 0.36736111111111114 0.02734375 0.10416666666666667
1 0.284375 0.375 0.021875 0.10277777777777777
1 1.219921875 0.38055555555555554 0.02578125 0.10555555555555556
1 0.838671875 0.3298611111111111 0.01953125 0.0763888888888889
1 0.409765625 0.3902777777777778 0.01796875 0.06944444444444445
1 1.11171875 0.5409722222222222 0.0234375 0.08194444444444444
1 1.133984375 0.5104166666666666 0.03046875 0.11805555555555555
1 0.8359375 0.3055555555555556 0.015625 0.05555555555555555
0 0.087890625 0.5409722222222222 0.02421875 0.11527777777777778
1 1.128125 0.47847222222222224 0.0296875 0.09027777777777778