1 0.934765625 0.36875 0.02578125 0.08194444444444444
0 1.168359375 0.4965277777777778 0.02734375 0.10694444444444444
1 0.8921875 0.33402777777777776 0.025 0.0763888888888889
1 1.103125 0.4236111111111111 0.03125 0.1111111111111111
1 1.14609375 0.3680555555555556 0.0265625 0.10277777777777777
1 0.266015625 0.3298611111111111 0.02578125 0.05694444444444444
1 1.220703125 0.38125 0.02421875 0.10694444444444444
1 0.266796875 0.3076388888888889 0.02265625 0.05416666666666667
1 0.1125 0.45555555555555555 0.021875 0.10833333333333334
1 0.354296875 0.4152777777777778 0.01953125 0.06944444444444445
1 0.13359375 0.45069444444444445 0.0359375 0.12638888888888888