1 1.149609375 0.36527777777777776 0.02578125 0.09722222222222222
1 0.81640625 0.4888888888888889 0.025 0.12222222222222222
1 1.11484375 0.3527777777777778 0.01875 0.1
1 1.2203125 0.3840277777777778 0.0234375 0.10416666666666667
0 0.56875 0.2902777777777778 0.01875 0.06111111111111111
1 0.966796875 0.6083333333333333 0.02578125 0.09166666666666666
1 0.33359375 0.3861111111111111 0.0203125 0.06944444444444445
0 0.0609375 0.2791666666666667 0.0171875 0.03888888888888889
1 0.32421875 0.325 0.0171875 0.044444444444444446
1 0.34140625 0.34444444444444444 0.01875 0.044444444444444446
1 0.93984375 0.5597222222222222 0.0265625 0.125