1 0.762890625 0.5979166666666667 0.04140625 0.14027777777777778
1 1.115625 0.3638888888888889 0.0203125 0.07777777777777778
1 0.253515625 0.3798611111111111 0.01953125 0.08472222222222223
1 1.21953125 0.3854166666666667 0.0234375 0.10138888888888889
1 1.16015625 0.3798611111111111 0.0203125 0.0763888888888889
1 0.3453125 0.3506944444444444 0.01875 0.0763888888888889
0 0.0125 0.29444444444444445 0.01875 0.05277777777777778
1 0.713671875 0.5069444444444444 0.02421875 0.11944444444444445
1 0.249609375 0.3298611111111111 0.01953125 0.06527777777777778
1 1.11875 0.33055555555555555 0.015625 0.06944444444444445
1 0.3140625 0.35694444444444445 0.0140625 0.08055555555555556
1 0.34453125 0.32013888888888886 0.015625 0.05416666666666667
0 0.173828125 0.44166666666666665 0.02578125 0.1111111111111111
0 0.20390625 0.25625 0.015625 0.04583333333333333
0 0.210546875 0.26805555555555555 0.01484375 0.044444444444444446