1 0.933984375 0.36944444444444446 0.02578125 0.08055555555555556
1 0.28828125 0.33819444444444446 0.0234375 0.08194444444444444
1 1.146484375 0.3680555555555556 0.02578125 0.1
1 0.8828125 0.3326388888888889 0.0171875 0.07916666666666666
0 1.16328125 0.49375 0.028125 0.12361111111111112
1 1.220703125 0.38125 0.02421875 0.10694444444444444
1 1.0859375 0.4305555555555556 0.025 0.13055555555555556
1 0.377734375 0.4041666666666667 0.02265625 0.07222222222222222
1 0.2859375 0.31180555555555556 0.0171875 0.05138888888888889
0 0.10703125 0.4597222222222222 0.0265625 0.09444444444444444
1 0.071484375 0.4576388888888889 0.02265625 0.09583333333333334
1 0.883203125 0.30486111111111114 0.01328125 0.05138888888888889