0 0.690625 0.6291666666666667 0.025 0.1
1 1.116015625 0.36319444444444443 0.02109375 0.07916666666666666
0 0.0875 0.29305555555555557 0.01875 0.044444444444444446
1 0.36484375 0.2847222222222222 0.0171875 0.07222222222222222
1 1.220703125 0.3854166666666667 0.02265625 0.10138888888888889
1 0.28046875 0.2798611111111111 0.015625 0.05138888888888889
1 0.29921875 0.30486111111111114 0.01875 0.05138888888888889
0 0.19140625 0.36527777777777776 0.01875 0.08333333333333333
1 1.11953125 0.3298611111111111 0.0171875 0.06805555555555555
1 0.31328125 0.35 0.015625 0.05277777777777778
0 0.69140625 0.5694444444444444 0.0265625 0.10277777777777777
1 1.139453125 0.36319444444444443 0.02109375 0.08194444444444444
1 0.671484375 0.5118055555555555 0.01640625 0.11805555555555555