1 0.247265625 0.3909722222222222 0.02578125 0.0875
1 0.767578125 0.5958333333333333 0.04453125 0.1527777777777778
1 0.244140625 0.3326388888888889 0.02265625 0.0625
1 0.71640625 0.5125 0.0328125 0.11666666666666667
1 1.11640625 0.3645833333333333 0.0203125 0.07916666666666666
1 1.219140625 0.38472222222222224 0.02421875 0.10277777777777777
1 0.339453125 0.34444444444444444 0.01953125 0.08611111111111111
1 1.16171875 0.3701388888888889 0.021875 0.09861111111111111
0 0.169921875 0.4534722222222222 0.02421875 0.12638888888888888
1 0.027734375 0.2875 0.01640625 0.05277777777777778
1 1.117578125 0.33125 0.01640625 0.07083333333333333
1 0.31484375 0.35694444444444445 0.015625 0.08333333333333333