1 0.276953125 0.29305555555555557 0.02265625 0.05
1 0.361328125 0.29375 0.01796875 0.0625
1 0.708203125 0.6097222222222223 0.03828125 0.13055555555555556
1 0.285546875 0.3416666666666667 0.02109375 0.075
1 0.68515625 0.5111111111111111 0.0328125 0.1388888888888889
1 1.11640625 0.3625 0.021875 0.08333333333333333
1 1.2203125 0.3840277777777778 0.0234375 0.10416666666666667
0 0.123046875 0.28402777777777777 0.01953125 0.05416666666666667
0 0.18359375 0.3840277777777778 0.0203125 0.09305555555555556
1 0.312109375 0.35694444444444445 0.01796875 0.06388888888888888
1 0.707421875 0.5569444444444445 0.02578125 0.07777777777777778
1 1.11953125 0.3347222222222222 0.0171875 0.075
1 1.1390625 0.3638888888888889 0.01875 0.1
1 1.128515625 0.3625 0.02890625 0.09166666666666666