0 1.191796875 0.48819444444444443 0.03671875 0.12083333333333333
1 1.14453125 0.3680555555555556 0.0265625 0.09722222222222222
1 1.2203125 0.38055555555555554 0.0234375 0.10555555555555556
1 0.9359375 0.3715277777777778 0.0234375 0.07916666666666666
1 1.117578125 0.42291666666666666 0.02578125 0.11527777777777778
1 0.222265625 0.30972222222222223 0.01796875 0.06111111111111111
1 0.918359375 0.3236111111111111 0.02109375 0.07777777777777778
0 0.014453125 0.31805555555555554 0.02578125 0.05277777777777778
0 0.15234375 0.4638888888888889 0.040625 0.06388888888888888
1 0.922265625 0.34791666666666665 0.02421875 0.06527777777777778
0 0.13125 0.46111111111111114 0.0234375 0.05555555555555555