1 1.175390625 0.4951388888888889 0.02890625 0.10972222222222222
1 0.934375 0.3680555555555556 0.025 0.08333333333333333
1 1.145703125 0.37083333333333335 0.02734375 0.1
1 1.1125 0.4305555555555556 0.028125 0.09722222222222222
1 1.2203125 0.38125 0.0234375 0.10694444444444444
1 0.233984375 0.32013888888888886 0.01796875 0.0625
1 0.89921875 0.3402777777777778 0.01875 0.06666666666666667
1 0.901171875 0.31180555555555556 0.01640625 0.059722222222222225
1 0.31484375 0.42291666666666666 0.01875 0.06527777777777778
0 0.157421875 0.44930555555555557 0.04609375 0.11805555555555555
0 0.00703125 0.27847222222222223 0.0125 0.043055555555555555
1 0.2390625 0.30625 0.015625 0.05416666666666667