1 0.82109375 0.35208333333333336 0.0375 0.08194444444444444
0 1.034765625 0.5194444444444445 0.03515625 0.13055555555555556
1 1.145703125 0.36736111111111114 0.02734375 0.10138888888888889
1 0.39765625 0.325 0.01875 0.03888888888888889
1 0.264453125 0.4388888888888889 0.03671875 0.12777777777777777
1 0.971875 0.46319444444444446 0.025 0.09305555555555556
1 1.21953125 0.3819444444444444 0.0234375 0.10555555555555556
1 0.40703125 0.38958333333333334 0.01875 0.07083333333333333
0 0.74765625 0.2916666666666667 0.01875 0.058333333333333334
0 0.751171875 0.32222222222222224 0.02265625 0.06388888888888888
0 0.02578125 0.25625 0.015625 0.059722222222222225