0 1.19140625 0.4888888888888889 0.0359375 0.11944444444444445
1 1.145703125 0.3680555555555556 0.02734375 0.10277777777777777
1 1.2203125 0.38055555555555554 0.0234375 0.10555555555555556
1 0.9359375 0.3715277777777778 0.0234375 0.07916666666666666
1 1.117578125 0.4222222222222222 0.02578125 0.11388888888888889
1 0.221484375 0.3104166666666667 0.01796875 0.059722222222222225
1 0.918359375 0.325 0.02109375 0.07777777777777778
0 0.15078125 0.46319444444444446 0.0375 0.0625
0 0.0140625 0.32013888888888886 0.0265625 0.05416666666666667
0 0.13046875 0.46041666666666664 0.0234375 0.05694444444444444
1 0.228515625 0.425 0.02890625 0.07222222222222222