0 0.689453125 0.6277777777777778 0.02421875 0.10277777777777777
1 1.116015625 0.3645833333333333 0.02109375 0.07916666666666666
0 0.083203125 0.2881944444444444 0.02109375 0.04583333333333333
0 0.69140625 0.5680555555555555 0.028125 0.09722222222222222
1 1.220703125 0.3854166666666667 0.02265625 0.10416666666666667
1 0.28203125 0.2826388888888889 0.015625 0.05138888888888889
1 0.300390625 0.3034722222222222 0.01796875 0.05138888888888889
1 1.11875 0.33055555555555555 0.0171875 0.06944444444444445
0 0.1921875 0.3645833333333333 0.0171875 0.07916666666666666
1 0.3125 0.3548611111111111 0.015625 0.05694444444444444
1 0.366015625 0.28680555555555554 0.01640625 0.06805555555555555
1 1.139453125 0.3638888888888889 0.02109375 0.08055555555555556
1 0.66953125 0.5131944444444444 0.015625 0.11527777777777778
1 0.66796875 0.45902777777777776 0.0125 0.05138888888888889