1 0.778515625 0.5944444444444444 0.03203125 0.13333333333333333
1 0.23828125 0.33958333333333335 0.021875 0.0625
1 0.721875 0.5090277777777777 0.0328125 0.12638888888888888
1 1.167578125 0.3729166666666667 0.02890625 0.10416666666666667
1 1.116796875 0.36319444444444443 0.02109375 0.08194444444444444
1 0.336328125 0.3645833333333333 0.02265625 0.08472222222222223
0 0.164453125 0.46319444444444446 0.02578125 0.1125
1 1.21875 0.3854166666666667 0.025 0.10416666666666667
0 0.053125 0.27847222222222223 0.0171875 0.05138888888888889
1 0.244140625 0.40347222222222223 0.02265625 0.09305555555555556
1 1.117578125 0.33055555555555555 0.01640625 0.06944444444444445
1 0.31484375 0.35138888888888886 0.015625 0.07777777777777778