1 1.116015625 0.3645833333333333 0.02109375 0.0763888888888889
0 0.073828125 0.2923611111111111 0.02890625 0.059722222222222225
0 0.683203125 0.6097222222222223 0.02890625 0.1388888888888889
1 0.313671875 0.35833333333333334 0.01484375 0.06388888888888888
1 0.3671875 0.28680555555555554 0.0171875 0.06805555555555555
1 0.287109375 0.2861111111111111 0.01640625 0.05277777777777778
1 1.220703125 0.3854166666666667 0.02265625 0.10416666666666667
0 0.194140625 0.36944444444444446 0.01953125 0.09166666666666666
1 1.11953125 0.33055555555555555 0.0171875 0.06944444444444445
1 1.139453125 0.3659722222222222 0.02109375 0.0763888888888889
1 0.303125 0.2986111111111111 0.0203125 0.05