1 1.061328125 0.4326388888888889 0.03203125 0.12083333333333333
0 1.149609375 0.49722222222222223 0.03046875 0.12222222222222222
1 0.293359375 0.3645833333333333 0.02421875 0.09861111111111111
1 0.857421875 0.3298611111111111 0.02578125 0.0875
1 1.1453125 0.3659722222222222 0.0265625 0.10694444444444444
1 0.915625 0.36180555555555555 0.028125 0.0875
1 1.219921875 0.3819444444444444 0.02578125 0.10555555555555556
1 0.404296875 0.3923611111111111 0.01640625 0.07361111111111111
0 0.006640625 0.24375 0.01171875 0.06527777777777778
0 0.00546875 0.29375 0.0109375 0.043055555555555555
0 0.06640625 0.5069444444444444 0.0328125 0.12222222222222222