0 0.96796875 0.5527777777777778 0.03125 0.125
1 1.1453125 0.3659722222222222 0.0328125 0.09027777777777778
1 0.85234375 0.48055555555555557 0.03125 0.1361111111111111
1 0.629296875 0.3159722222222222 0.01953125 0.04861111111111111
1 0.623046875 0.2861111111111111 0.01796875 0.04722222222222222
1 1.21953125 0.38472222222222224 0.0234375 0.10277777777777777
1 1.126953125 0.3611111111111111 0.02421875 0.08611111111111111
0 0.040625 0.25972222222222224 0.01875 0.06388888888888888
1 0.63046875 0.2923611111111111 0.021875 0.05138888888888889
1 0.02578125 0.5263888888888889 0.0421875 0.11944444444444445
1 1.12578125 0.32708333333333334 0.015625 0.06527777777777778
1 0.99609375 1.3958333333333333 0.078125 0.15