0 1.18984375 0.49236111111111114 0.034375 0.1125
1 1.1453125 0.3701388888888889 0.0265625 0.10138888888888889
1 0.9359375 0.3715277777777778 0.0234375 0.07916666666666666
1 1.21953125 0.38055555555555554 0.0234375 0.10555555555555556
1 0.917578125 0.34097222222222223 0.02109375 0.07083333333333333
1 0.222265625 0.3104166666666667 0.01796875 0.059722222222222225
1 1.1171875 0.4236111111111111 0.0265625 0.11388888888888889
0 0.014453125 0.3194444444444444 0.02578125 0.05277777777777778
0 0.14609375 0.46597222222222223 0.0390625 0.059722222222222225
1 0.914453125 0.3173611111111111 0.02265625 0.06805555555555555
0 0.005078125 0.23819444444444443 0.01015625 0.07083333333333333