1 1.145703125 0.3701388888888889 0.02734375 0.09583333333333334
0 1.2 0.49166666666666664 0.034375 0.1111111111111111
1 0.9359375 0.36875 0.0203125 0.08194444444444444
1 0.930078125 0.32013888888888886 0.01953125 0.0625
0 0.151953125 0.45694444444444443 0.03515625 0.075
0 1.22109375 0.38263888888888886 0.021875 0.10138888888888889
1 0.221875 0.30972222222222223 0.0171875 0.06111111111111111
0 0.015234375 0.31875 0.02421875 0.04861111111111111
0 0.13125 0.4527777777777778 0.0234375 0.06944444444444445
1 1.11796875 0.42083333333333334 0.0203125 0.11388888888888889
1 0.230859375 0.4222222222222222 0.03046875 0.06666666666666667
1 0.0046875 0.2708333333333333 0.009375 0.03888888888888889