0 0.08125 0.28888888888888886 0.021875 0.044444444444444446
0 0.68828125 0.6291666666666667 0.025 0.10277777777777777
1 1.116015625 0.3638888888888889 0.02109375 0.07777777777777778
1 0.283203125 0.28402777777777777 0.01640625 0.05138888888888889
0 0.68984375 0.5680555555555555 0.028125 0.09722222222222222
1 1.220703125 0.3854166666666667 0.02265625 0.10416666666666667
1 0.313671875 0.35694444444444445 0.01484375 0.06111111111111111
1 1.11953125 0.32916666666666666 0.0171875 0.06944444444444445
1 0.30078125 0.30416666666666664 0.01875 0.05277777777777778
1 0.366015625 0.2861111111111111 0.01640625 0.06944444444444445
1 1.139453125 0.3659722222222222 0.02109375 0.07916666666666666
0 0.19140625 0.3638888888888889 0.0171875 0.08055555555555556
1 0.66953125 0.5097222222222222 0.015625 0.1111111111111111
1 0.28984375 0.2951388888888889 0.0203125 0.04861111111111111
1 0.668359375 0.46041666666666664 0.01328125 0.05138888888888889