1 1.1453125 0.3729166666666667 0.0265625 0.09583333333333334
1 0.93515625 0.36944444444444446 0.0234375 0.08055555555555556
0 1.1828125 0.4951388888888889 0.0328125 0.10694444444444444
1 1.219921875 0.3819444444444444 0.02421875 0.10555555555555556
0 0.15859375 0.4597222222222222 0.0421875 0.075
0 0.9109375 0.3416666666666667 0.01875 0.06666666666666667
1 0.220703125 0.3138888888888889 0.01640625 0.05277777777777778
0 0.907421875 0.31875 0.01796875 0.06527777777777778
1 1.116796875 0.42569444444444443 0.02421875 0.1125
0 0.013671875 0.31666666666666665 0.02578125 0.06666666666666667
0 0.91953125 0.3506944444444444 0.0265625 0.059722222222222225