1 0.31171875 0.36041666666666666 0.0171875 0.06805555555555555
1 0.316015625 0.2972222222222222 0.02109375 0.05277777777777778
0 0.041015625 0.2791666666666667 0.03359375 0.07777777777777778
0 0.671875 0.6125 0.0328125 0.14444444444444443
1 0.290625 0.2798611111111111 0.015625 0.0625
1 1.115234375 0.3701388888888889 0.01953125 0.07083333333333333
1 1.119921875 0.33125 0.01796875 0.06805555555555555
0 0.197265625 0.3527777777777778 0.02109375 0.09444444444444444
1 1.21953125 0.3854166666666667 0.0234375 0.10416666666666667
1 0.371875 0.2875 0.015625 0.04722222222222222
1 1.138671875 0.3659722222222222 0.02109375 0.0763888888888889
0 0.204296875 0.3145833333333333 0.01796875 0.0625