1 1.150390625 0.36736111111111114 0.02734375 0.10138888888888889
0 0.73828125 0.60625 0.040625 0.12638888888888888
1 0.26953125 0.3548611111111111 0.01875 0.07916666666666666
1 0.35390625 0.31666666666666665 0.01875 0.06388888888888888
1 1.116015625 0.36041666666666666 0.02109375 0.0875
1 1.219921875 0.38472222222222224 0.02421875 0.10277777777777777
0 0.166796875 0.27569444444444446 0.01796875 0.05694444444444444
1 0.701171875 0.5125 0.03046875 0.12777777777777777
0 0.183203125 0.41388888888888886 0.01953125 0.09444444444444444
1 0.2640625 0.30069444444444443 0.0203125 0.04861111111111111
1 0.30078125 0.5923611111111111 0.015625 0.05138888888888889
1 0.31328125 0.35694444444444445 0.015625 0.075
1 0.267578125 0.3215277777777778 0.02265625 0.07916666666666666