1 0.793359375 0.3458333333333333 0.02890625 0.08055555555555556
1 1.14453125 0.3701388888888889 0.028125 0.09583333333333334
1 0.955859375 0.4597222222222222 0.03515625 0.1
0 1.015234375 0.5305555555555556 0.02890625 0.11666666666666667
0 0.72734375 0.29375 0.0171875 0.05416666666666667
1 1.21953125 0.3819444444444444 0.0234375 0.10555555555555556
1 0.241796875 0.45208333333333334 0.04296875 0.12916666666666668
0 0.731640625 0.3229166666666667 0.01640625 0.05416666666666667
1 0.39609375 0.3277777777777778 0.0140625 0.03888888888888889
0 0.028515625 0.25 0.01953125 0.07222222222222222
1 0.9890625 1.3916666666666666 0.0765625 0.1638888888888889