1 0.934375 0.36875 0.0265625 0.08472222222222223
1 0.89453125 0.3368055555555556 0.025 0.07083333333333333
1 1.146484375 0.36527777777777776 0.02734375 0.10833333333333334
0 1.17109375 0.49444444444444446 0.0265625 0.10555555555555556
1 1.109765625 0.42430555555555555 0.03671875 0.11527777777777778
1 1.220703125 0.38055555555555554 0.02421875 0.10555555555555556
1 0.252734375 0.325 0.01640625 0.06666666666666667
1 0.33828125 0.40902777777777777 0.0203125 0.07916666666666666
0 0.145703125 0.4236111111111111 0.02578125 0.09444444444444444
0 0.1359375 0.4527777777777778 0.0328125 0.12777777777777777
1 0.255859375 0.3055555555555556 0.01640625 0.05555555555555555
1 0.894921875 0.31180555555555556 0.01796875 0.06527777777777778