1 0.962109375 0.45555555555555555 0.03828125 0.10555555555555556
1 1.145703125 0.36527777777777776 0.02734375 0.09722222222222222
1 0.79765625 0.34791666666666665 0.028125 0.08472222222222223
1 0.737109375 0.32430555555555557 0.01796875 0.05416666666666667
1 0.733984375 0.29444444444444445 0.01640625 0.05
0 1.023046875 0.5159722222222223 0.02890625 0.10694444444444444
1 1.21953125 0.38263888888888886 0.0234375 0.10694444444444444
1 0.247265625 0.44583333333333336 0.03046875 0.12222222222222222
1 0.396875 0.32916666666666666 0.0140625 0.03888888888888889
1 0.405078125 0.3861111111111111 0.01953125 0.075
1 0.991015625 1.3916666666666666 0.07890625 0.1638888888888889
0 0.02734375 0.2520833333333333 0.01875 0.07083333333333333