1 0.821484375 0.4847222222222222 0.03046875 0.1361111111111111
1 1.148828125 0.3659722222222222 0.02578125 0.09583333333333334
1 0.9484375 0.5680555555555555 0.034375 0.125
1 0.334765625 0.3854166666666667 0.02109375 0.07083333333333333
1 1.11484375 0.35833333333333334 0.01875 0.08888888888888889
1 1.220703125 0.38472222222222224 0.02265625 0.10277777777777777
0 0.577734375 0.2951388888888889 0.02109375 0.05416666666666667
1 0.983984375 0.6097222222222223 0.03046875 0.08055555555555556
0 0.061328125 0.25555555555555554 0.01796875 0.06111111111111111
1 0.04921875 0.5340277777777778 0.028125 0.12083333333333333
1 0.323046875 0.32013888888888886 0.01796875 0.034722222222222224