0 1.0453125 0.5243055555555556 0.0328125 0.11527777777777778
1 0.279296875 0.43333333333333335 0.03828125 0.11944444444444445
1 0.98515625 0.45069444444444445 0.034375 0.11805555555555555
1 1.145703125 0.36666666666666664 0.02578125 0.1
1 0.40859375 0.3875 0.0203125 0.07222222222222222
0 0.759765625 0.2986111111111111 0.01640625 0.05277777777777778
1 0.8359375 0.36180555555555555 0.021875 0.07916666666666666
1 1.2203125 0.38263888888888886 0.0234375 0.10694444444444444
0 0.76328125 0.3229166666666667 0.0171875 0.06527777777777778
1 0.8265625 0.3368055555555556 0.0171875 0.059722222222222225
1 0.313671875 0.5048611111111111 0.03984375 0.05416666666666667