1 1.14453125 0.37083333333333335 0.0265625 0.09722222222222222
0 1.188671875 0.49166666666666664 0.03359375 0.1111111111111111
1 0.936328125 0.3701388888888889 0.02265625 0.07916666666666666
1 1.219921875 0.38055555555555554 0.02421875 0.10555555555555556
1 0.222265625 0.31319444444444444 0.01796875 0.0625
1 0.916015625 0.3402777777777778 0.02109375 0.07222222222222222
1 1.116015625 0.42291666666666666 0.02734375 0.1125
0 0.014453125 0.31805555555555554 0.02578125 0.05277777777777778
1 0.24453125 0.36180555555555555 0.0203125 0.04583333333333333
1 0.912109375 0.31527777777777777 0.02109375 0.06388888888888888
1 0.240234375 0.4284722222222222 0.02421875 0.07083333333333333