1 1.056640625 0.43194444444444446 0.02890625 0.11944444444444445
1 1.1453125 0.36527777777777776 0.0265625 0.10555555555555556
1 0.855078125 0.3277777777777778 0.02890625 0.08611111111111111
1 0.2921875 0.3659722222222222 0.0234375 0.10138888888888889
1 0.909765625 0.35555555555555557 0.02578125 0.08333333333333333
1 1.221875 0.3798611111111111 0.0296875 0.12083333333333333
0 1.1453125 0.4979166666666667 0.028125 0.11805555555555555
1 0.4046875 0.39166666666666666 0.015625 0.075
0 0.007421875 0.24444444444444444 0.01171875 0.06944444444444445
1 1.10078125 0.5395833333333333 0.025 0.07083333333333333
1 0.399609375 0.3416666666666667 0.01328125 0.05277777777777778