1 0.81875 0.3506944444444444 0.0359375 0.08194444444444444
1 0.2625 0.4388888888888889 0.0375 0.125
0 1.034375 0.51875 0.0359375 0.12916666666666668
1 1.145703125 0.36666666666666664 0.02734375 0.1
1 0.398828125 0.32569444444444445 0.01640625 0.0375
1 0.970703125 0.46458333333333335 0.02578125 0.09027777777777778
1 1.21953125 0.3819444444444444 0.0234375 0.10555555555555556
1 0.407421875 0.38819444444444445 0.01953125 0.07083333333333333
0 0.74609375 0.2916666666666667 0.01875 0.058333333333333334
0 0.74921875 0.32013888888888886 0.0234375 0.07083333333333333
0 0.02578125 0.25625 0.015625 0.059722222222222225