1 0.23984375 0.33819444444444446 0.0234375 0.0625
1 0.7765625 0.5951388888888889 0.034375 0.13472222222222222
1 0.33671875 0.3638888888888889 0.0234375 0.08611111111111111
1 1.166796875 0.375 0.02890625 0.10277777777777777
1 1.116796875 0.3625 0.02109375 0.08055555555555556
0 0.166015625 0.4625 0.02578125 0.11388888888888889
1 0.243359375 0.4027777777777778 0.02421875 0.09166666666666666
1 0.721484375 0.5083333333333333 0.03203125 0.12777777777777777
1 1.21875 0.3854166666666667 0.025 0.10416666666666667
0 0.051171875 0.27569444444444446 0.01953125 0.04861111111111111
1 1.117578125 0.33055555555555555 0.01640625 0.06944444444444445
1 0.31484375 0.35 0.015625 0.08055555555555556