1 1.174609375 0.49583333333333335 0.02734375 0.10833333333333334
1 0.935546875 0.36875 0.02578125 0.08194444444444444
1 1.1453125 0.36944444444444446 0.028125 0.10277777777777777
1 1.112890625 0.4236111111111111 0.02578125 0.11388888888888889
1 0.235546875 0.32013888888888886 0.01796875 0.0625
1 0.8984375 0.34097222222222223 0.01875 0.06805555555555555
1 1.220703125 0.38055555555555554 0.02421875 0.10555555555555556
1 0.90078125 0.31180555555555556 0.0171875 0.059722222222222225
1 0.316015625 0.41944444444444445 0.01640625 0.06666666666666667
0 0.15703125 0.4486111111111111 0.04375 0.11944444444444445
1 0.005859375 0.27361111111111114 0.01015625 0.044444444444444446