1 0.703515625 0.6083333333333333 0.04609375 0.1527777777777778
1 0.2765625 0.28541666666666665 0.01875 0.05138888888888889
1 0.362890625 0.2916666666666667 0.01796875 0.06388888888888888
1 0.6796875 0.5125 0.0328125 0.13055555555555556
1 1.116015625 0.36319444444444443 0.02109375 0.08194444444444444
1 1.2203125 0.3840277777777778 0.0234375 0.10416666666666667
1 0.292578125 0.3229166666666667 0.02109375 0.06527777777777778
0 0.109765625 0.28958333333333336 0.02734375 0.059722222222222225
1 0.312890625 0.3548611111111111 0.01640625 0.059722222222222225
0 0.187109375 0.38125 0.02109375 0.09583333333333334
1 1.11953125 0.3326388888888889 0.0171875 0.07083333333333333
1 1.139453125 0.3645833333333333 0.02109375 0.0875