0 0.973046875 0.5534722222222223 0.03203125 0.12916666666666668
1 1.142578125 0.36527777777777776 0.03359375 0.08888888888888889
0 0.634765625 0.2833333333333333 0.01640625 0.05
1 1.219921875 0.3854166666666667 0.02421875 0.10416666666666667
1 0.3578125 0.3888888888888889 0.01875 0.06666666666666667
1 0.859375 0.48194444444444445 0.0234375 0.11666666666666667
1 0.65 0.32013888888888886 0.0171875 0.059722222222222225
1 1.128125 0.325 0.015625 0.06111111111111111
0 0.03828125 0.2590277777777778 0.01875 0.07361111111111111
1 0.6484375 0.28958333333333336 0.015625 0.04583333333333333
0 0.6625 0.23472222222222222 0.015625 0.06388888888888888