1 0.728125 0.21875 0.015625 0.05138888888888889
0 0.484375 0.42986111111111114 0.028125 0.10138888888888889
1 0.237890625 0.2951388888888889 0.01484375 0.07361111111111111
1 0.564453125 0.3284722222222222 0.01484375 0.09027777777777778
1 0.032421875 0.36875 0.01796875 0.09305555555555556
1 0.51953125 0.48680555555555555 0.028125 0.1125
1 0.29609375 0.2520833333333333 0.0203125 0.04583333333333333
1 0.10234375 0.31527777777777777 0.0171875 0.08333333333333333
0 0.166796875 0.38472222222222224 0.01640625 0.09722222222222222
1 0.6375 0.2791666666666667 0.015625 0.07222222222222222
1 0.3125 0.28888888888888886 0.01875 0.06944444444444445
1 0.53203125 0.25069444444444444 0.015625 0.05416666666666667
0 0.61953125 0.48819444444444443 0.0234375 0.10972222222222222
1 0.96328125 0.35694444444444445 0.0125 0.08611111111111111
1 0.53515625 0.2826388888888889 0.0171875 0.0625
1 0.981640625 0.30069444444444443 0.01953125 0.07916666666666666