1 0.72890625 0.22013888888888888 0.015625 0.05416666666666667
1 0.2375 0.2951388888888889 0.0140625 0.07361111111111111
1 0.5640625 0.3298611111111111 0.0140625 0.09027777777777778
1 0.0328125 0.3680555555555556 0.01875 0.09444444444444444
1 0.167578125 0.3861111111111111 0.01640625 0.09722222222222222
0 0.481640625 0.4305555555555556 0.03046875 0.1
1 0.296875 0.2520833333333333 0.021875 0.04583333333333333
1 0.103125 0.31527777777777777 0.0171875 0.08333333333333333
1 0.518359375 0.48541666666666666 0.02890625 0.10694444444444444
1 0.63515625 0.28055555555555556 0.0171875 0.07222222222222222
1 0.311328125 0.28888888888888886 0.02109375 0.06944444444444445
1 0.53515625 0.28055555555555556 0.0171875 0.06388888888888888
1 0.531640625 0.2520833333333333 0.01640625 0.05694444444444444
1 0.963671875 0.3576388888888889 0.01328125 0.09027777777777778
1 0.984375 0.30069444444444443 0.0203125 0.08194444444444444
0 0.623828125 0.49166666666666664 0.02734375 0.10277777777777777