0 0.293359375 0.24722222222222223 0.01796875 0.05
1 0.71875 0.21736111111111112 0.0140625 0.05416666666666667
0 0.23515625 0.29305555555555557 0.0140625 0.07222222222222222
0 0.17109375 0.3798611111111111 0.0203125 0.09861111111111111
0 0.495703125 0.425 0.01796875 0.09722222222222222
0 0.516796875 0.48055555555555557 0.02734375 0.1111111111111111
1 0.644921875 0.27569444444444446 0.01796875 0.06805555555555555
0 0.10078125 0.3138888888888889 0.01875 0.08333333333333333
1 0.5609375 0.3284722222222222 0.015625 0.09305555555555556
0 0.025 0.36736111111111114 0.0203125 0.09583333333333334
0 0.53125 0.27569444444444446 0.0171875 0.06527777777777778
0 0.975390625 0.29583333333333334 0.01640625 0.07777777777777778
0 0.96015625 0.3506944444444444 0.015625 0.09861111111111111
0 0.61328125 0.49236111111111114 0.0203125 0.10416666666666667
0 0.309765625 0.28541666666666665 0.01796875 0.07083333333333333
0 0.535546875 0.24722222222222223 0.01484375 0.05