1 0.638671875 0.2763888888888889 0.01796875 0.06944444444444445
0 0.5625 0.3284722222222222 0.015625 0.09583333333333334
0 0.03046875 0.36736111111111114 0.01875 0.09305555555555556
0 0.167578125 0.38263888888888886 0.01953125 0.09583333333333334
0 0.48828125 0.4284722222222222 0.0265625 0.10138888888888889
0 0.516796875 0.4840277777777778 0.02734375 0.1125
1 0.724609375 0.21666666666666667 0.01484375 0.05277777777777778
1 0.294921875 0.2520833333333333 0.02109375 0.04583333333333333
1 0.236328125 0.29305555555555557 0.01484375 0.07222222222222222
1 0.101953125 0.3159722222222222 0.01796875 0.08472222222222223
1 0.614453125 0.48819444444444443 0.02890625 0.11527777777777778
1 0.311328125 0.28888888888888886 0.01640625 0.06944444444444445
0 0.9765625 0.2972222222222222 0.015625 0.08888888888888889
1 0.531640625 0.24722222222222223 0.01484375 0.04722222222222222
0 0.962109375 0.35347222222222224 0.01328125 0.09027777777777778
0 0.533984375 0.28055555555555556 0.01640625 0.06944444444444445