0 0.49375 0.4270833333333333 0.01875 0.09861111111111111
1 0.7203125 0.21666666666666667 0.0140625 0.05555555555555555
0 0.29296875 0.24791666666666667 0.01875 0.04861111111111111
0 0.171484375 0.3798611111111111 0.02109375 0.09583333333333334
0 0.515625 0.48125 0.028125 0.10972222222222222
0 0.23515625 0.2923611111111111 0.0140625 0.07361111111111111
0 0.1015625 0.31527777777777777 0.01875 0.08333333333333333
0 0.026171875 0.36736111111111114 0.02109375 0.09583333333333334
0 0.532421875 0.27569444444444446 0.01796875 0.06527777777777778
1 0.643359375 0.27569444444444446 0.01640625 0.07083333333333333
1 0.56171875 0.3284722222222222 0.015625 0.09305555555555556
0 0.975 0.2965277777777778 0.0140625 0.07916666666666666
0 0.61328125 0.49166666666666664 0.01875 0.10833333333333334
0 0.960546875 0.3506944444444444 0.01484375 0.09027777777777778
0 0.53359375 0.24722222222222223 0.015625 0.04722222222222222
0 0.309375 0.2861111111111111 0.01875 0.06944444444444445