0 0.487890625 0.42777777777777776 0.02734375 0.10277777777777777
1 0.725390625 0.21736111111111112 0.01484375 0.05138888888888889
1 0.5625 0.3284722222222222 0.015625 0.09583333333333334
0 0.1671875 0.38263888888888886 0.01875 0.09583333333333334
1 0.516796875 0.4840277777777778 0.02734375 0.1125
1 0.294921875 0.2520833333333333 0.02109375 0.04583333333333333
1 0.638671875 0.27708333333333335 0.01796875 0.07083333333333333
1 0.236328125 0.29305555555555557 0.01484375 0.07222222222222222
1 0.101953125 0.3159722222222222 0.01796875 0.08472222222222223
1 0.030859375 0.36666666666666664 0.01796875 0.09722222222222222
0 0.6140625 0.4861111111111111 0.0296875 0.11388888888888889
1 0.531640625 0.24722222222222223 0.01484375 0.04722222222222222
1 0.31171875 0.28888888888888886 0.0171875 0.06944444444444445
1 0.962109375 0.3527777777777778 0.01328125 0.09166666666666666
1 0.978515625 0.2972222222222222 0.01640625 0.08333333333333333
1 0.53359375 0.28055555555555556 0.0171875 0.06388888888888888