0 0.483984375 0.43125 0.02890625 0.10138888888888889
1 0.729296875 0.21875 0.01484375 0.05138888888888889
1 0.564453125 0.3298611111111111 0.01484375 0.09027777777777778
1 0.032421875 0.36875 0.01796875 0.09305555555555556
0 0.16640625 0.3861111111111111 0.0171875 0.09722222222222222
1 0.51953125 0.4861111111111111 0.028125 0.11388888888888889
1 0.296484375 0.2520833333333333 0.02109375 0.04583333333333333
1 0.6375 0.2798611111111111 0.015625 0.07083333333333333
1 0.237890625 0.2951388888888889 0.01484375 0.07361111111111111
1 0.103125 0.31527777777777777 0.0171875 0.08333333333333333
1 0.532421875 0.2513888888888889 0.01640625 0.05555555555555555
1 0.312890625 0.2902777777777778 0.01953125 0.06944444444444445
0 0.621875 0.4909722222222222 0.025 0.10972222222222222
1 0.98125 0.29930555555555555 0.01875 0.07916666666666666
1 0.53515625 0.2826388888888889 0.0171875 0.0625
1 0.96328125 0.3576388888888889 0.0125 0.0875