0 0.2359375 0.2923611111111111 0.0140625 0.07361111111111111
0 0.169921875 0.38055555555555554 0.02265625 0.09722222222222222
0 0.491015625 0.4284722222222222 0.01953125 0.09583333333333334
0 0.516796875 0.48125 0.02734375 0.1125
0 0.61328125 0.4930555555555556 0.0234375 0.10555555555555556
0 0.294921875 0.2520833333333333 0.01953125 0.04583333333333333
1 0.640625 0.27708333333333335 0.0171875 0.07083333333333333
0 0.1015625 0.31527777777777777 0.01875 0.08611111111111111
1 0.562890625 0.3284722222222222 0.01640625 0.09027777777777778
0 0.02890625 0.36736111111111114 0.0171875 0.09583333333333334
1 0.721875 0.21666666666666667 0.0140625 0.05277777777777778
1 0.97578125 0.29583333333333334 0.0140625 0.08055555555555556
1 0.311328125 0.2875 0.01640625 0.06944444444444445
1 0.961328125 0.3527777777777778 0.01328125 0.08888888888888889
1 0.53203125 0.24791666666666667 0.0140625 0.04861111111111111
1 0.533203125 0.28055555555555556 0.01640625 0.06388888888888888