0 0.49296875 0.4270833333333333 0.01875 0.09861111111111111
0 0.293359375 0.24861111111111112 0.01953125 0.04722222222222222
0 0.23515625 0.2923611111111111 0.0140625 0.07361111111111111
0 0.17109375 0.3798611111111111 0.021875 0.09583333333333334
0 0.516015625 0.48125 0.02890625 0.10972222222222222
1 0.72109375 0.21736111111111112 0.0140625 0.05416666666666667
0 0.0265625 0.36736111111111114 0.0203125 0.09583333333333334
0 0.97421875 0.2951388888888889 0.0140625 0.07916666666666666
0 0.10078125 0.3159722222222222 0.01875 0.08472222222222223
1 0.56171875 0.3284722222222222 0.015625 0.09305555555555556
0 0.613671875 0.49236111111111114 0.01953125 0.10694444444444444
0 0.532421875 0.275 0.01796875 0.06388888888888888
1 0.643359375 0.27569444444444446 0.01640625 0.07083333333333333
0 0.961328125 0.35138888888888886 0.01484375 0.1
0 0.310546875 0.28680555555555554 0.01796875 0.07083333333333333
0 0.533984375 0.25 0.01484375 0.05555555555555555
0 0.5296875 0.46805555555555556 0.109375 0.18055555555555555