1 0.519921875 0.4847222222222222 0.02734375 0.11388888888888889
1 0.72890625 0.22013888888888888 0.015625 0.05416666666666667
1 0.56484375 0.3298611111111111 0.0140625 0.09027777777777778
1 0.0328125 0.36875 0.01875 0.09583333333333334
1 0.167578125 0.3861111111111111 0.01640625 0.09722222222222222
0 0.482421875 0.4305555555555556 0.03046875 0.1
1 0.297265625 0.2520833333333333 0.02109375 0.04583333333333333
1 0.6375 0.28055555555555556 0.015625 0.07222222222222222
1 0.23828125 0.2951388888888889 0.0140625 0.07361111111111111
1 0.103515625 0.3159722222222222 0.01796875 0.0875
1 0.31171875 0.28958333333333336 0.0203125 0.07083333333333333
1 0.983984375 0.30069444444444443 0.01953125 0.08194444444444444
0 0.623828125 0.49236111111111114 0.02734375 0.10972222222222222
1 0.5359375 0.28055555555555556 0.0171875 0.06388888888888888
1 0.532421875 0.2520833333333333 0.01640625 0.05694444444444444
1 0.96328125 0.35694444444444445 0.0125 0.1
1 0.533984375 0.4722222222222222 0.09453125 0.17222222222222222