1 0.51953125 0.4847222222222222 0.0265625 0.11388888888888889
1 0.56484375 0.3284722222222222 0.0140625 0.09027777777777778
1 0.0328125 0.3680555555555556 0.01875 0.09444444444444444
1 0.167578125 0.3861111111111111 0.01640625 0.09722222222222222
0 0.483203125 0.43125 0.03046875 0.10138888888888889
1 0.72890625 0.21944444444444444 0.015625 0.05277777777777778
1 0.297265625 0.2520833333333333 0.02109375 0.04583333333333333
1 0.6375 0.2798611111111111 0.015625 0.07083333333333333
1 0.238671875 0.2951388888888889 0.01484375 0.07361111111111111
1 0.103515625 0.31527777777777777 0.01796875 0.08333333333333333
1 0.532421875 0.2513888888888889 0.01640625 0.05555555555555555
1 0.31171875 0.28958333333333336 0.0203125 0.07083333333333333
1 0.98203125 0.3 0.01875 0.08055555555555556
1 0.535546875 0.28125 0.01640625 0.0625
0 0.623046875 0.4909722222222222 0.02734375 0.10972222222222222
1 0.96328125 0.35625 0.0125 0.09861111111111111