0 0.29296875 0.2465277777777778 0.0171875 0.05138888888888889
0 0.17109375 0.3798611111111111 0.0203125 0.09861111111111111
1 0.71875 0.21666666666666667 0.0140625 0.05555555555555555
1 0.64453125 0.27569444444444446 0.01875 0.06805555555555555
0 0.23515625 0.29305555555555557 0.0140625 0.07222222222222222
0 0.516796875 0.48194444444444445 0.02734375 0.1111111111111111
0 0.613671875 0.49166666666666664 0.02109375 0.10555555555555556
0 0.10078125 0.3145833333333333 0.01875 0.08194444444444444
0 0.5609375 0.3284722222222222 0.015625 0.09305555555555556
0 0.025 0.36736111111111114 0.0203125 0.09583333333333334
0 0.49609375 0.42569444444444443 0.01875 0.09861111111111111
0 0.53125 0.275 0.0171875 0.06666666666666667
0 0.309765625 0.28541666666666665 0.01796875 0.07083333333333333
0 0.975390625 0.29583333333333334 0.01640625 0.07777777777777778
0 0.959375 0.35 0.015625 0.09722222222222222
0 0.53515625 0.24722222222222223 0.0140625 0.05