0 0.29296875 0.2465277777777778 0.0171875 0.05138888888888889
1 0.71875 0.21736111111111112 0.0140625 0.05416666666666667
1 0.644921875 0.275 0.01796875 0.06944444444444445
0 0.171875 0.37916666666666665 0.0203125 0.09722222222222222
0 0.516796875 0.4826388888888889 0.02734375 0.10972222222222222
0 0.61328125 0.49166666666666664 0.021875 0.10555555555555556
0 0.23515625 0.29305555555555557 0.0140625 0.07222222222222222
0 0.10078125 0.3159722222222222 0.01875 0.08194444444444444
0 0.5609375 0.3277777777777778 0.015625 0.09166666666666666
0 0.49609375 0.425 0.01875 0.09722222222222222
0 0.531640625 0.27569444444444446 0.01796875 0.06527777777777778
0 0.309765625 0.28541666666666665 0.01796875 0.07083333333333333
0 0.975390625 0.2965277777777778 0.01796875 0.07916666666666666
0 0.024609375 0.36736111111111114 0.01953125 0.09583333333333334
0 0.959375 0.34930555555555554 0.015625 0.09027777777777778
0 0.535546875 0.24722222222222223 0.01484375 0.05