0 0.4921875 0.4284722222222222 0.01875 0.09583333333333334
1 0.721484375 0.21736111111111112 0.01328125 0.05138888888888889
0 0.1703125 0.38055555555555554 0.0234375 0.09722222222222222
0 0.294140625 0.25069444444444444 0.01953125 0.04583333333333333
0 0.2359375 0.2923611111111111 0.0140625 0.07361111111111111
0 0.1015625 0.3159722222222222 0.01875 0.08472222222222223
0 0.028515625 0.36736111111111114 0.01796875 0.09305555555555556
0 0.51640625 0.48055555555555557 0.028125 0.1111111111111111
1 0.975390625 0.2951388888888889 0.01484375 0.07916666666666666
1 0.562890625 0.3277777777777778 0.01640625 0.08888888888888889
0 0.64140625 0.27569444444444446 0.0171875 0.07083333333333333
0 0.61328125 0.4930555555555556 0.0203125 0.10277777777777777
0 0.311328125 0.2875 0.01640625 0.06944444444444445
1 0.9609375 0.35138888888888886 0.0140625 0.1
1 0.5328125 0.24722222222222223 0.0140625 0.04722222222222222
1 0.532421875 0.2763888888888889 0.01640625 0.06388888888888888