0 0.487109375 0.4284722222222222 0.02578125 0.10138888888888889
1 0.72578125 0.21666666666666667 0.015625 0.05277777777777778
1 0.237109375 0.29305555555555557 0.01484375 0.07222222222222222
0 0.1671875 0.38263888888888886 0.01875 0.09583333333333334
1 0.517578125 0.4840277777777778 0.02734375 0.10972222222222222
1 0.2953125 0.2520833333333333 0.0203125 0.04583333333333333
1 0.638671875 0.27708333333333335 0.01796875 0.07083333333333333
1 0.101953125 0.31527777777777777 0.01796875 0.08333333333333333
1 0.563671875 0.3284722222222222 0.01484375 0.09027777777777778
0 0.031640625 0.36736111111111114 0.01796875 0.09305555555555556
0 0.616015625 0.4875 0.03046875 0.10833333333333334
1 0.97890625 0.2965277777777778 0.0171875 0.0875
1 0.53125 0.25069444444444444 0.015625 0.05416666666666667
1 0.31171875 0.28888888888888886 0.0171875 0.06944444444444445
1 0.962890625 0.3527777777777778 0.01328125 0.09166666666666666
1 0.53359375 0.28055555555555556 0.0171875 0.06388888888888888