0 0.49140625 0.4284722222222222 0.01875 0.09583333333333334
0 0.2359375 0.2923611111111111 0.0140625 0.07361111111111111
1 0.5625 0.3284722222222222 0.015625 0.09305555555555556
0 0.1703125 0.38055555555555554 0.0234375 0.09722222222222222
0 0.516796875 0.48125 0.02734375 0.1125
0 0.294140625 0.25069444444444444 0.01953125 0.04583333333333333
0 0.1015625 0.31527777777777777 0.01875 0.08611111111111111
0 0.613671875 0.49583333333333335 0.01953125 0.1
1 0.721875 0.21666666666666667 0.0140625 0.05277777777777778
1 0.976171875 0.2951388888888889 0.01484375 0.07916666666666666
0 0.028125 0.36666666666666664 0.0171875 0.09722222222222222
0 0.641796875 0.27569444444444446 0.01640625 0.07083333333333333
1 0.311328125 0.2875 0.01640625 0.06944444444444445
1 0.9609375 0.35208333333333336 0.0140625 0.0875
1 0.5328125 0.24722222222222223 0.0140625 0.04722222222222222
1 0.5328125 0.28125 0.015625 0.06527777777777778