0 0.487109375 0.4284722222222222 0.02578125 0.10138888888888889
1 0.7265625 0.21736111111111112 0.015625 0.05138888888888889
1 0.23671875 0.29305555555555557 0.0140625 0.07222222222222222
0 0.166796875 0.3840277777777778 0.01796875 0.09583333333333334
1 0.518359375 0.48541666666666666 0.02734375 0.10972222222222222
1 0.2953125 0.2520833333333333 0.0203125 0.04583333333333333
1 0.638671875 0.27708333333333335 0.01796875 0.07083333333333333
1 0.1015625 0.3159722222222222 0.0171875 0.08472222222222223
1 0.563671875 0.3284722222222222 0.01484375 0.09027777777777778
0 0.031640625 0.36666666666666664 0.01796875 0.09722222222222222
1 0.979296875 0.2965277777777778 0.01796875 0.0875
0 0.616796875 0.4875 0.02890625 0.10833333333333334
1 0.31171875 0.28888888888888886 0.0171875 0.06944444444444445
1 0.531640625 0.24791666666666667 0.01484375 0.04583333333333333
1 0.962890625 0.3527777777777778 0.01328125 0.09166666666666666
1 0.534375 0.28055555555555556 0.0171875 0.06388888888888888