0 0.29296875 0.24722222222222223 0.01875 0.05
1 0.7203125 0.21666666666666667 0.0140625 0.05555555555555555
0 0.1015625 0.3145833333333333 0.01875 0.08472222222222223
0 0.171484375 0.37916666666666665 0.02109375 0.09722222222222222
0 0.49453125 0.42569444444444443 0.01875 0.09861111111111111
0 0.516796875 0.48055555555555557 0.02734375 0.1111111111111111
0 0.53125 0.27569444444444446 0.0171875 0.06527777777777778
0 0.23515625 0.2923611111111111 0.0140625 0.07361111111111111
1 0.562109375 0.3284722222222222 0.01484375 0.09305555555555556
0 0.02578125 0.36736111111111114 0.0203125 0.09583333333333334
1 0.64296875 0.275 0.0171875 0.06944444444444445
0 0.975390625 0.29583333333333334 0.01640625 0.07777777777777778
0 0.960546875 0.3506944444444444 0.01484375 0.09861111111111111
0 0.6140625 0.49236111111111114 0.01875 0.10416666666666667
0 0.535546875 0.24722222222222223 0.01484375 0.05
0 0.309765625 0.2861111111111111 0.01796875 0.06944444444444445