1 0.725390625 0.21666666666666667 0.01484375 0.05277777777777778
1 0.63828125 0.2763888888888889 0.0171875 0.06944444444444445
1 0.03046875 0.36736111111111114 0.01875 0.09305555555555556
0 0.167578125 0.3819444444444444 0.01953125 0.09444444444444444
0 0.48828125 0.42777777777777776 0.0265625 0.10277777777777777
0 0.517578125 0.4840277777777778 0.02734375 0.1125
1 0.294921875 0.2520833333333333 0.02109375 0.04583333333333333
1 0.236328125 0.29305555555555557 0.01484375 0.07222222222222222
1 0.101953125 0.3159722222222222 0.01796875 0.08472222222222223
1 0.5625 0.3277777777777778 0.015625 0.09166666666666666
0 0.6140625 0.4875 0.0296875 0.11388888888888889
1 0.53125 0.24722222222222223 0.015625 0.04722222222222222
1 0.31171875 0.28888888888888886 0.0171875 0.06944444444444445
1 0.9765625 0.2986111111111111 0.015625 0.08611111111111111
0 0.962109375 0.35347222222222224 0.01328125 0.09027777777777778
1 0.53359375 0.28055555555555556 0.0171875 0.06388888888888888