1 0.7171875 0.21736111111111112 0.0140625 0.05416666666666667
0 0.293359375 0.24444444444444444 0.01796875 0.05277777777777778
1 0.644921875 0.2743055555555556 0.01796875 0.06805555555555555
0 0.23515625 0.2916666666666667 0.0140625 0.07222222222222222
0 0.172265625 0.3784722222222222 0.02109375 0.09861111111111111
1 0.496875 0.4236111111111111 0.01875 0.09722222222222222
0 0.515625 0.4826388888888889 0.028125 0.10972222222222222
1 0.975 0.2951388888888889 0.01875 0.07916666666666666
0 0.101171875 0.3145833333333333 0.01796875 0.08194444444444444
0 0.0234375 0.36875 0.0203125 0.09583333333333334
0 0.614453125 0.49166666666666664 0.02109375 0.10277777777777777
0 0.53125 0.27569444444444446 0.0171875 0.06527777777777778
1 0.30859375 0.28541666666666665 0.01875 0.07083333333333333
0 0.5609375 0.3277777777777778 0.015625 0.09166666666666666
0 0.95859375 0.3486111111111111 0.0171875 0.09166666666666666
0 0.535546875 0.24791666666666667 0.01484375 0.05138888888888889