0 0.49140625 0.4284722222222222 0.01875 0.09583333333333334
0 0.236328125 0.29375 0.01484375 0.07361111111111111
1 0.5625 0.3277777777777778 0.015625 0.09444444444444444
0 0.170703125 0.3819444444444444 0.02265625 0.09722222222222222
0 0.516796875 0.4826388888888889 0.02734375 0.1125
0 0.29453125 0.2520833333333333 0.0203125 0.04583333333333333
0 0.61328125 0.4930555555555556 0.021875 0.10555555555555556
1 0.97578125 0.29583333333333334 0.0140625 0.08055555555555556
0 0.1015625 0.3159722222222222 0.01875 0.08472222222222223
0 0.028125 0.36736111111111114 0.0171875 0.09861111111111111
1 0.721875 0.21666666666666667 0.0140625 0.05277777777777778
1 0.640625 0.27569444444444446 0.0171875 0.07083333333333333
1 0.311328125 0.2875 0.01640625 0.06944444444444445
1 0.9609375 0.35347222222222224 0.0140625 0.0875
1 0.532421875 0.2520833333333333 0.01484375 0.05694444444444444
1 0.5328125 0.28055555555555556 0.015625 0.06388888888888888