0 0.48515625 0.42986111111111114 0.0265625 0.10138888888888889
1 0.727734375 0.21736111111111112 0.01484375 0.05138888888888889
1 0.23671875 0.29375 0.0140625 0.07361111111111111
1 0.563671875 0.32916666666666666 0.01484375 0.08888888888888889
1 0.29609375 0.2513888888888889 0.0203125 0.044444444444444446
1 0.10234375 0.31527777777777777 0.0171875 0.08333333333333333
1 0.032421875 0.36875 0.01796875 0.09305555555555556
0 0.166796875 0.38472222222222224 0.01640625 0.09722222222222222
1 0.518359375 0.48541666666666666 0.02734375 0.10972222222222222
1 0.637890625 0.2777777777777778 0.01640625 0.06944444444444445
1 0.312890625 0.28888888888888886 0.01796875 0.06944444444444445
1 0.532421875 0.24791666666666667 0.01484375 0.04583333333333333
0 0.619921875 0.48819444444444443 0.02421875 0.10694444444444444
1 0.981640625 0.29930555555555555 0.01953125 0.07916666666666666
1 0.96328125 0.3576388888888889 0.0125 0.0875
1 0.53515625 0.2826388888888889 0.0171875 0.0625