0 0.48515625 0.4284722222222222 0.0265625 0.10138888888888889
1 0.726953125 0.21666666666666667 0.01484375 0.05277777777777778
1 0.23671875 0.29305555555555557 0.0140625 0.07222222222222222
1 0.563671875 0.3284722222222222 0.01484375 0.09027777777777778
1 0.518359375 0.48541666666666666 0.02734375 0.10972222222222222
1 0.2953125 0.2520833333333333 0.0203125 0.04583333333333333
1 0.637890625 0.2777777777777778 0.01640625 0.06944444444444445
1 0.10234375 0.31527777777777777 0.0171875 0.08333333333333333
1 0.032421875 0.36736111111111114 0.01796875 0.09305555555555556
0 0.16640625 0.38472222222222224 0.0171875 0.09722222222222222
1 0.312890625 0.28888888888888886 0.01796875 0.06944444444444445
0 0.618359375 0.4875 0.02578125 0.10555555555555556
1 0.9796875 0.2986111111111111 0.01875 0.08333333333333333
1 0.532421875 0.24791666666666667 0.01484375 0.04583333333333333
1 0.9625 0.3576388888888889 0.0125 0.0875
1 0.534375 0.28125 0.0171875 0.0625