0 0.493359375 0.4263888888888889 0.01953125 0.09722222222222222
0 0.17109375 0.37916666666666665 0.021875 0.09722222222222222
0 0.51640625 0.48055555555555557 0.028125 0.1111111111111111
0 0.294140625 0.24930555555555556 0.01953125 0.04583333333333333
0 0.23515625 0.2923611111111111 0.0140625 0.07361111111111111
1 0.56171875 0.3277777777777778 0.015625 0.09166666666666666
0 0.026953125 0.36736111111111114 0.01953125 0.09583333333333334
1 0.72109375 0.21736111111111112 0.0140625 0.05138888888888889
0 0.975 0.2951388888888889 0.0140625 0.07916666666666666
0 0.1015625 0.3159722222222222 0.01875 0.08472222222222223
0 0.61328125 0.4930555555555556 0.0203125 0.10555555555555556
1 0.643359375 0.27569444444444446 0.01640625 0.07083333333333333
0 0.9609375 0.35208333333333336 0.0140625 0.09861111111111111
0 0.31015625 0.28958333333333336 0.0171875 0.06805555555555555
0 0.53203125 0.27569444444444446 0.0171875 0.0625
0 0.533984375 0.25 0.01484375 0.05555555555555555