1 0.2359375 0.29305555555555557 0.0140625 0.07222222222222222
0 0.16953125 0.3819444444444444 0.021875 0.09722222222222222
0 0.516796875 0.4826388888888889 0.02734375 0.1125
1 0.723828125 0.2152777777777778 0.01328125 0.05277777777777778
0 0.29453125 0.2520833333333333 0.0203125 0.04583333333333333
1 0.63984375 0.27708333333333335 0.0171875 0.07083333333333333
0 0.101953125 0.3159722222222222 0.01796875 0.08472222222222223
0 0.562890625 0.3277777777777778 0.01640625 0.09166666666666666
0 0.030078125 0.36666666666666664 0.01796875 0.09166666666666666
0 0.490234375 0.42777777777777776 0.02109375 0.1
0 0.976171875 0.29583333333333334 0.01484375 0.08888888888888889
0 0.61328125 0.49166666666666664 0.0265625 0.11388888888888889
1 0.311328125 0.2875 0.01640625 0.06944444444444445
1 0.532421875 0.24722222222222223 0.01484375 0.04722222222222222
0 0.962109375 0.35347222222222224 0.01328125 0.09027777777777778
1 0.533203125 0.28055555555555556 0.01640625 0.06388888888888888