0 0.29296875 0.24583333333333332 0.0171875 0.05277777777777778
1 0.71796875 0.21736111111111112 0.0140625 0.05416666666666667
0 0.644921875 0.27569444444444446 0.01796875 0.06805555555555555
0 0.171875 0.37916666666666665 0.0203125 0.09722222222222222
1 0.496875 0.42430555555555555 0.01875 0.09583333333333334
0 0.516015625 0.48194444444444445 0.02890625 0.1111111111111111
0 0.61328125 0.49236111111111114 0.021875 0.10416666666666667
0 0.309765625 0.28541666666666665 0.01796875 0.07083333333333333
0 0.23515625 0.29305555555555557 0.0140625 0.07222222222222222
0 0.101171875 0.3159722222222222 0.01796875 0.08194444444444444
0 0.531640625 0.27569444444444446 0.01796875 0.06527777777777778
0 0.975390625 0.29444444444444445 0.01796875 0.07777777777777778
0 0.561328125 0.3277777777777778 0.01484375 0.09166666666666666
0 0.024609375 0.36875 0.01953125 0.09583333333333334
0 0.959765625 0.3506944444444444 0.01640625 0.09583333333333334
0 0.535546875 0.24722222222222223 0.01484375 0.05