0 0.493359375 0.42777777777777776 0.01953125 0.09722222222222222
0 0.02734375 0.36736111111111114 0.01875 0.09583333333333334
0 0.171484375 0.3798611111111111 0.02265625 0.09583333333333334
1 0.721484375 0.21736111111111112 0.01328125 0.05138888888888889
0 0.2359375 0.2923611111111111 0.0140625 0.07361111111111111
0 0.51640625 0.48055555555555557 0.028125 0.1111111111111111
1 0.643359375 0.27569444444444446 0.01640625 0.07083333333333333
0 0.975 0.2951388888888889 0.0140625 0.07916666666666666
0 0.1015625 0.3159722222222222 0.01875 0.08472222222222223
1 0.56171875 0.3277777777777778 0.015625 0.09166666666666666
0 0.61328125 0.49375 0.0203125 0.10416666666666667
0 0.294140625 0.24861111111111112 0.01953125 0.044444444444444446
0 0.31015625 0.2875 0.0171875 0.06944444444444445
0 0.9609375 0.35208333333333336 0.0140625 0.09861111111111111
0 0.533984375 0.24791666666666667 0.01484375 0.04861111111111111
0 0.532421875 0.275 0.01640625 0.06111111111111111