0 0.2359375 0.29305555555555557 0.0140625 0.07222222222222222
1 0.5625 0.3284722222222222 0.015625 0.09583333333333334
0 0.030078125 0.36666666666666664 0.01796875 0.09166666666666666
0 0.169921875 0.3819444444444444 0.02265625 0.09722222222222222
0 0.490625 0.4284722222222222 0.0203125 0.09583333333333334
0 0.51640625 0.4826388888888889 0.028125 0.1125
0 0.29453125 0.25069444444444444 0.0203125 0.04583333333333333
1 0.641015625 0.27708333333333335 0.01640625 0.07083333333333333
0 0.101953125 0.3159722222222222 0.01796875 0.08472222222222223
0 0.61328125 0.49375 0.025 0.10694444444444444
1 0.723828125 0.21666666666666667 0.01328125 0.05277777777777778
0 0.97578125 0.29583333333333334 0.0140625 0.08055555555555556
1 0.311328125 0.2875 0.01640625 0.06944444444444445
1 0.53203125 0.24930555555555556 0.0140625 0.04861111111111111
1 0.962109375 0.3527777777777778 0.01328125 0.08888888888888889
0 0.533984375 0.28055555555555556 0.01640625 0.06388888888888888