0 0.4859375 0.4284722222222222 0.0265625 0.10138888888888889
1 0.726953125 0.21875 0.01484375 0.05138888888888889
1 0.237109375 0.29305555555555557 0.01484375 0.07222222222222222
1 0.563671875 0.3284722222222222 0.01484375 0.09027777777777778
1 0.518359375 0.48541666666666666 0.02734375 0.10972222222222222
1 0.2953125 0.2520833333333333 0.0203125 0.04583333333333333
1 0.638671875 0.27708333333333335 0.01796875 0.07083333333333333
1 0.10234375 0.31527777777777777 0.0171875 0.08333333333333333
1 0.031640625 0.36736111111111114 0.01796875 0.09305555555555556
0 0.166796875 0.3840277777777778 0.01796875 0.09583333333333334
1 0.3125 0.28888888888888886 0.0171875 0.06944444444444445
1 0.9796875 0.2986111111111111 0.01875 0.08333333333333333
1 0.532421875 0.24791666666666667 0.01484375 0.04583333333333333
1 0.9625 0.35625 0.0125 0.0875
0 0.617578125 0.4909722222222222 0.02734375 0.10694444444444444
1 0.534765625 0.28055555555555556 0.01796875 0.06388888888888888