1 0.63828125 0.2763888888888889 0.01875 0.06944444444444445
0 0.5625 0.3284722222222222 0.015625 0.09583333333333334
0 0.03046875 0.36736111111111114 0.01875 0.09305555555555556
0 0.169140625 0.3819444444444444 0.02109375 0.09722222222222222
0 0.4890625 0.4284722222222222 0.025 0.10138888888888889
0 0.516796875 0.4840277777777778 0.02734375 0.1125
1 0.7234375 0.21666666666666667 0.0140625 0.05277777777777778
1 0.294921875 0.2520833333333333 0.02109375 0.04583333333333333
1 0.2359375 0.29305555555555557 0.0140625 0.07222222222222222
0 0.101953125 0.3159722222222222 0.01796875 0.08472222222222223
0 0.976953125 0.29791666666666666 0.01484375 0.08194444444444444
1 0.531640625 0.24722222222222223 0.01484375 0.04722222222222222
1 0.3109375 0.28888888888888886 0.0171875 0.06944444444444445
0 0.614453125 0.4888888888888889 0.02890625 0.11666666666666667
0 0.962109375 0.3527777777777778 0.01328125 0.08888888888888889
1 0.533203125 0.28055555555555556 0.01640625 0.06944444444444445