1 0.564453125 0.3277777777777778 0.01484375 0.08888888888888889
1 0.0328125 0.3680555555555556 0.01875 0.09444444444444444
1 0.167578125 0.3861111111111111 0.01640625 0.09722222222222222
0 0.48359375 0.4305555555555556 0.0296875 0.1
1 0.51953125 0.4847222222222222 0.028125 0.1111111111111111
1 0.729296875 0.21875 0.01484375 0.05138888888888889
1 0.296484375 0.2520833333333333 0.02109375 0.04583333333333333
1 0.6375 0.2798611111111111 0.015625 0.07083333333333333
1 0.237890625 0.2951388888888889 0.01484375 0.07361111111111111
1 0.103125 0.31527777777777777 0.0171875 0.08333333333333333
1 0.53203125 0.2513888888888889 0.0171875 0.05555555555555555
1 0.312109375 0.29097222222222224 0.01953125 0.07083333333333333
1 0.98125 0.2986111111111111 0.01875 0.08055555555555556
0 0.622265625 0.49027777777777776 0.02578125 0.1111111111111111
1 0.53515625 0.28125 0.0171875 0.0625
1 0.963671875 0.35694444444444445 0.01328125 0.08888888888888889
1 0.53359375 0.47152777777777777 0.09375 0.1763888888888889